877
345
775
635
737
795
1149
937
742
938
1021
462
1061
918
1351
922
830
776
628
910
744
1491
863
883
582
527
1108
879
870
1054
992
775
1140
752
1301
814
1053
703
723
839
414
792
1129
765
647
1018
560
301
1401
566
999
1201
1267
1070
1137
933
927
1100
219
500
1002
887
1003
514
378
1115
754
897
453
511
741
624
1051
909
1252
924
497
589
1307
1164
532
1277
803
340
1220
302
1265
435
787
1127
842
952
672
1164
355
842
801
259
790
853
852
603
955
1095
812
849
632
644
682
672
990
1191
1270
661
878
971
935
419
606
673
855
1000
950
1388
789
1341
932
830
348
472
846
638
1031
916
424
176
923
486
792
847
403
842
932
882
997
1127
1039
569
1479
724
1247
792
645
597
1146
1679
1063
744
814
815
325
973
1180
769
820
495
905
815
528
1232
1267
870
526
1029
675
1024
1043
611
542
1148
899
985
846
1297
762
889
952
924
478
839
1211
910
866
1025
895
652
759
1210
805
1459
1307
1276
983
280
576
773
1229
1172
1139
622
703
1039
1061
907
673
973
839
527
458
1214
1052
1141
999
1166
958
1055
1271
1061
595
827
832
755
564
735
768
1203
388
1453
1076
878
914
893
873
1072
506
444
881
1068
1075
980
869
912
1117
1373
682
498
888
745
1079
821
1197
548
1160
281
686
740
725
713
731
646
992
659
1350
1163
858
788
568
478
984
770
412
422
973
889
719
541
1025
685
1277
516
1250
372
823
821
1111
735
703
1542
1025
965
921
964
956
1234
1249
983
1051
1510
1165
525
993
980
697
939
942
882
723
1191
853
765
554
1126
944
1555
1057
792
1209
665
813
1352
541
921
1427
1064
987
754
939
1042
466
1069
1123
1021
735
719
579
1063
783
698
703
1077
590
832
574
781
995
1445
867
930
1060
850
795
962
436
894
1078
1059
1138
632
934
1036
1137
631
650
1289
248
705
762
904
1071
994
777
1170
398
836
863
681
618
624
648
927
916
625
364
784
975
1026
759
786
964
727
1034
551
1171
910
1311
1133
991
653
635
869
930
793
602
811
334
382
851
422
490
746
754
542
1063
926
1113
870
788
855
931
567
556
537
579
894
1105
998
956
456
1080
1076
1288
748
636
1029
349
689
986
460
835
897
617
1204
1160
959
637
598
1187
529
551
696
773
795
624
657
842
794
1056
559
885
902
304
620
422
943
1333
934
705
502
1176
413
1128
630
1023
797
992
750
719
1247
569
801
745
1340
1147
678
1117
355
769
702
1203
576
693
1120
658
1095
340
550
853
506
435
343
1977
1161
952
1403
992
1178
873
658
1138
679
387
563
1155
729
878
539
693
935
607
1082
1021
776
546
641
978
446
667
686
866
713
1484
823
778
876
567
602
758
804
987
845
1373
422
784
682
695
844
1164
944
742
780
966
675
415
708
871
859
1071
1081
903
1289
644
858
730
851
763
1138
849
953
928
1079
504
575
657
666
1181
653
872
888
726
477
1029
955
1191
1021
352
512
956
825
832
621
994
493
1091
731
964
436
636
949
1003
819
584
789
1033
548
1003
822
1208
580
831
923
669
1324
633
1047
967
1071
1083
1029
618
1136
1360
1094
565
868
1063
551
1086
323
709
930
900
551
784
372
744
836
617
739
566
496
1073
607
726
957
672
1063
904
1288
1081
600
850
1046
617
796
501
389
669
1254
654
1244
631
761
1006
721
1141
517
762
936
480
1153
137
693
1389
291
338
947
854
949
569
255
672
566
750
948
1435
904
686
721
861
1203
598
683
857
1327
833
766
667
1074
904
713
1067
558
803
782
898
253
922
1037
1093
926
1115
839
631
899
1033
835
1229
715
434
967
1112
644
1170
1001
1255
741
705
746
888
881
1109
852
851
828
1362
774
492
816
1023
1161
980
820
801
473
523
874
951
1611
1289
799
1020
675
630
860
680
643
1115
732
1269
653
860
1445
1025
834
1256
829
605
615
894
1014
1010
869
1026
717
1141
433
1144
1016
805
857
697
866
1105
1178
1073
1368
848
913
348
1055
275
1061
764
1286
903
424
810
759
950
719
380
907
1053
274
1072
1356
1106
1123
836
792
345
926
976
214
1412
1089
789
984
684
404
884
496
971
455
994
735
332
286
656
1184
674
635
1569
985
718
778
760
364
848
859
935
641
819
1089
777
909
660
1043
1466
658
1136
675
647
919
618
1056
1074
1036
116
764
1004
812
748
1177
1066
1276
1292
446
349
766
798
1157
831
793
784
55
916
1268
809
571
786
699
862
1054
1099
924
717
507
1046
920
807
678
954
1152
737
1100
300
1006
570
941
531
1282
518
1347
1466
908
629
774
727
378
731
1182
1205
518
1151
1038
574
1095
493
1297
1532
971
673
932
721
792
308
1256
682
370
579
895
1076
577
591
1057
924
793
426
1107
764
648
511
804
1025
460
751
1296
936
1202
842
742
334
1147
549
565
764
761
1342
1520
1343
734
648
1660
568
830
639
1017
782
1144
537
691
1154
685
738
896
842
1099
944
749
1118
899
588
883
795
1334
1177
743
477
420
1105
719
1009
756
714
494
1123
896
629
965
1010
224
795
767
759
742
492
1255
1251
578
1110
690
793
990
729
985
989
56
901
889
924
222
849
762
731
1259
857
1023
804
860
992
546
395
948
947
1194
762
909
983
1113
973
574
334
860
1006
624
700
714
580
806
757
851
804
716
1304
973
1140
688
468
955
752
1124
483
961
976
273
568
881
1084
693
1168
467
635
712
1157
735
953
722
849
691
805
595
1097
306
761
1197
518
710
334
1250
545
774
1359
664
956
986
1057
697
694
775
868
533
1023
568
1076
571
832
898
1124
1064
894
1236
804
1025
1871
578
1207
772
814
867
698
628
716
445
922
954
1521
467
229
922
817
237
672
1345
765
1117
814
493
752
1353
425
620
1207
433
766
827
548
982
843
690
1522
662
418
1130
939
466
1218
1157
479
702
653
636
962
1233
432
1233
693
1021
1400
433
884
616
1175
924
859
966
699
924
728
1046
1385
515
843
862
1069
954
799
918
1077
727
1076
583
728
1014
1200
737
1280
1115
377
607
1107
993
1140
831
875
565
1133
1296
968
803
925
936
1021
1281
1009
807
994
906
495
960
886
619
1075
1202
962
883
1111
600
791
857
829
1151
1071
944
1205
748
1048
537
1222
953
902
839
784
634
953
1321
591
797
853
1095
993
611
260
1267
1231
565
711
821
933
611
849
1069
609
980
935
1026
825
967
734
1006
767
914
1312
340
886
1277
1108
813
772
1219
582
1055
939
970
808
806
1267
524
1287
1287
445
877
418
885
1039
971
1092
1477
317
527
1280
1004
930
851
1165
1035
978
1272
673
370
882
758
800
990
867
639
1043
1189
503
513
186
1495
1146
1313
492
1318
886
985
522
1222
915
624
621
916
1032
701
412
1289
745
888
511
1294
1148
798
673
1310
825
950
744
709
967
1020
168
886
707
614
1023
918
583
589
709
731
218
343
873
956
1076
1088
1247
1161
591
817
695
1017
674
261
654
1045
700
1240
667
1079
833
1028
988
971
1166
629
912
1120
562
1013
807
913
445
729
1097
1038
737
482
1081
656
337
733
1001
1072
717
725
506
1160
1219
1023
766
1027
936
574
479
973
1010
798
710
798
922
479
1230
650
761
690
1162
683
539
1145
1046
959
442
630
853
702
1467
619
886
989
1167
803
445
1045
973
572
1178
669
1027
1088
1330
707
631
1035
1122
971
967
785
981
652
1105
1284
1045
844
1112
708
1019
1439
992
891
897
553
1057
681
191
998
1303
393
1008
1282
783
368
880
892
240
677
664
1085
800
601
978
1038
1222
663
405
1069
736
1146
1027
925
577
791
767
825
423
600
820
603
799
1158
1044
1364
912
651
873
1180
757
1070
775
324
1031
861
1086
816
801
709
601
-6
785
1174
869
1007
1059
646
648
729
1259
1393
869
541
947
1048
1053
1006
496
1008
490
1404
849
1142
1092
1360
831
513
1105
712
723
798
1208
912
888
1335
1095
794
969
450
661
615
659
679
502
635
1031
586
1062
625
785
362
581
1409
702
540
430
467
552
683
1136
643
729
589
851
1406
986
806
529
552
1042
256
511
861
1059
980
904
909
1212
806
760
734
809
860
551
966
712
973
1028
818
806
1146
700
435
1357
979
871
949
999
567
759
1311
933
648
743
664
796
1120
710
686
565
470
1238
1072
792
731
938
1274
1346
938
554
961
917
1405
511
280
974
794
857
1282
545
952
1256
952
822
883
174
950
442
575
456
756
1061
724
716
635
1028
1116
803
677
1048
499
179
889
1356
339
1253
1172
1017
1133
341
562
956
826
1005
1071
675
810
890
872
1363
710
656
982
946
760
913
899
636
380
484
772
1088
1172
834
1508
258
788
1080
1141
806
784
943
1161
991
713
-27
954
813
960
1228
644
898
957
758
722
1037
713
825
630
944
634
1061
662
483
690
622
1193
1153
813
975
904
961
736
902
770
472
584
700
1038
1053
1236
787
277
868
470
753
884
459
851
721
855
487
806
454
627
290
1047
768
750
941
833
1062
509
565
1320
909
882
487
1240
1184
335
827
959
643
1074
1014
693
904
732
1061
1242
1063
800
847
1430
780
769
1507
448
945
582
282
936
740
1081
588
976
959
764
617
1099
1216
1099
1609
1053
835
839
962
597
428
381
1266
1113
811
1124
963
615
905
567
892
696
654
1137
1208
904
818
916
453
787
758
482
917
1453
511
868
233
179
862
953
213
713
487
339
694
392
755
1360
772
1061
1016
630
805
550
1080
982
825
788
988
1070
592
881
588
1021
1344
1079
757
933
1095
954
1057
1253
574
764
1075
921
1344
497
658
1547
381
1361
830
1260
871
908
810
1014
621
476
800
1396
982
218
938
656
1034
562
509
1166
709
310
1484
733
1027
655
975
1010
1082
395
1070
492
1305
822
963
356
637
1595
428
401
1045
527
241
712
448
1234
737
677
1054
1132
939
106
449
1026
986
733
668
942
333
975
707
951
970
1353
845
836
707
1054
917
888
920
829
678
159
940
1086
606
399
930
761
831
928
823
1271
734
1206
798
610
1008
800
443
1183
913
811
1195
928
608
738
915
416
909
712
1171
761
1054
1137
762
1238
1203
690
712
640
977
647
973
623
1007
889
931
484
532
673
1140
847
453
1003
490
539
1094
764
1100
673
543
324
1051
1195
463
1003
651
956
752
899
1245
1063
849
786
1101
1237
995
991
754
1121
584
877
803
876
895
634
383
758
1023
1251
769
1019
765
934
1036
944
1185
747
1088
1012
877
1270
689
929
965
1004
749
872
1246
686
930
1304
950
1080
651
1157
1050
1234
1502
640
1019
724
630
950
937
982
714
944
470
442
740
1012
1128
563
746
1074
715
829
581
116
1157
860
502
622
797
664
736
588
1105
774
530
398
1258
1031
642
1090
870
697
1025
1265
1310
496
999
980
1030
1196
819
628
1176
1123
758
1037
452
757
711
563
748
762
1173
399
632
750
653
1215
1014
891
806
805
660
518
1095
1301
1231
264
950
666
740
1090
670
1100
439
348
642
229
466
1097
554
881
1199
1112
428
874
861
976
712
611
1121
1425
744
705
1154
513
1123
853
972
929
1510
871
931
787
1071
803
753
1174
782
1195
559
694
982
809
1104
574
679
1152
962
726
1341
375
588
1081
699
821
679
731
524
528
1533
955
849
1275
579
544
1037
1023
1231
1159
953
1175
693
761
1247
595
794
1116
1025
766
364
916
500
669
935
1188
764
909
986
932
700
707
723
987
659
1461
818
604
1154
704
1386
415
1175
798
822
634
1111
590
1021
786
996
859
942
760
636
771
904
925
886
865
1165
1191
719
972
1000
932
1311
1001
606
493
934
1214
423
795
701
1048
610
836
358
839
355
918
607
1029
1010
1070
710
524
960
453
575
991
1065
915
316
1526
1172
907
530
567
836
795
826
359
892
759
823
856
616
723
1498
982
810
1066
1225
547
622
847
612
1192
455
1389
520
580
867
347
756
1268
540
951
725
630
754
1061
916
927
922
784
535
983
1352
1335
725
952
724
803
649
883
752
401
1085
993
337
1194
806
388
1070
1454
1152
375
823
758
1122
910
1064
1202
541
1008
592
1054
1033
656
539
715
1177
1073
1224
1446
991
720
520
1074
861
1079
672
724
807
778
1276
882
1377
712
1274
538
792
1143
841
488
206
1050
668
921
411
702
779
926
885
952
767
922
1062
1141
710
884
1207
1141
610
947
971
702
1089
724
951
935
927
625
94
1058
978
1158
1325
1137
924
1374
532
1090
638
622
959
840
693
542
748
680
1201
936
487
862
649
331
433
654
908
602
549
823
1077
689
1018
922
890
451
721
504
904
963
727
914
726
1253
1328
853
968
791
566
1015
1385
622
1104
767
555
1009
974
547
917
972
637
826
990
571
981
922
666
461
1146
978
1005
989
941
823
-89
779
985
941
1087
1302
1030
515
501
1315
876
503
801
909
874
1161
764
1044
431
1050
1107
942
574
974
605
627
839
792
1225
581
418
1303
1276
866
1280
604
280
1142
676
1218
998
1154
891
968
620
696
570
1154
1065
360
987
1020
921
859
524
491
787
697
776
1304
1003
567
747
886
471
1433
1035
808
886
974
1118
1026
1328
1112
1204
744
1124
914
680
1072
923
709
967
1064
808
903
1325
864
563
1084
831
1234
945
725
696
1036
798
1123
591
854
1217
513
824
1030
750
1086
974
364
1123
1005
1033
279
1051
1078
855
944
1249
1103
575
1044
1027
378
959
996
757
931
1000
856
652
843
942
707
858
521
458
1127
677
956
522
1103
731
850
1143
687
1023
109
646
1587
892
1070
696
739
717
804
1065
1017
335
644
233
1037
413
1011
1255
1182
845
1004
631
1155
508
1128
859
915
1000
1103
655
962
735
997
1047
886
451
1461
1311
730
925
465
935
730
960
909
841
505
437
920
615
802
365
1084
625
878
981
1047
755
187
1051
995
702
624
373
661
751
1057
1057
1272
1049
446
1008
644
833
802
726
566
1129
915
1072
1106
431
1215
846
397
620
1004
423
646
923
566
700
802
1152
365
1123
885
848
918
877
506
315
1250
472
440
1219
500
1028
959
938
1173
433
725
1400
1258
422
720
998
936
504
831
783
721
808
902
998
992
1106
924
872
509
172
698
1413
844
1053
747
849
470
925
835
653
945
1067
1065
953
1791
543
1098
766
1313
664
446
364
488
828
1115
1125
591
1011
1058
1165
1301
1250
1327
619
731
791
848
963
990
784
705
331
1161
526
670
703
243
740
393
813
1174
1079
824
797
686
1303
510
855
1048
694
1090
692
968
778
789
1003
973
1067
861
134
446
572
904
646
358
736
1037
1082
1158
601
1048
959
744
763
411
932
1070
550
803
889
1050
985
917
696
1112
1147
741
883
979
1004
768
1494
824
1110
831
1012
980
1086
1119
622
1084
650
638
1151
704
816
976
841
837
441
707
541
747
973
524
1016
737
803
1207
1209
1097
949
844
1075
705
403
1097
708
998
901
536
964
664
1013
765
576
650
881
513
702
603
753
717
889
402
668
1293
987
541
831
1029
845
946
903
897
1416
976
576
983
662
491
970
788
891
1325
677
1241
879
999
994
802
1217
1252
651
543
809
1449
701
941
722
1356
1019
614
1144
1111
392
1165
526
505
501
1122
952
471
1065
859
956
737
890
790
1179
686
687
1057
866
1035
1094
382
323
1104
960
863
1002
1094
575
1435
1196
1166
1184
703
737
958
933
250
1246
549
834
411
954
650
659
853
854
965
1132
945
915
967
468
289
1159
924
707
697
379
492
742
1181
849
1515
696
795
480
796
976
1027
797
830
1174
1200
776
1289
648
888
888
914
958
1063
1067
759
1212
1303
1077
974
1204
1417
391
627
684
654
1086
390
742
1210
1043
1358
778
811
1081
939
606
412
976
606
964
925
1390
740
783
761
711
691
517
915
157
930
727
660
1104
1140
562
1089
943
331
431
715
693
1436
926
482
814
1186
617
664
394
1005
835
912
1245
960
621
598
814
802
619
886
671
941
677
1011
985
593
741
374
1182
1152
1173
691
1256
707
1091
466
1580
688
1128
464
599
810
964
886
1002
1284
654
338
1129
526
652
530
1100
825
1019
915
591
1109
1087
791
660
780
885
869
704
895
914
1014
938
1092
1106
462
1100
428
996
1176
598
948
1104
470
934
782
1249
1158
842
1174
951
1176
751
596
678
1070
595
725
765
690
1033
1094
390
908
878
1327
930
1219
1075
904
974
866
917
791
848
1259
982
935
1236
1182
616
873
474
658
650
1118
833
310
1073
832
973
1023
746
948
373
873
1022
968
650
274
1189
1098
867
510
565
1017
1048
785
764
546
1093
658
1049
1095
1053
660
870
751
590
1029
859
876
690
1010
977
1145
612
1191
769
1154
583
1114
1045
152
528
1204
666
939
1139
589
935
1081
1082
704
1658
873
1141
1014
618
1372
863
947
919
939
240
896
944
790
1323
782
815
1169
950
792
624
359
755
988
605
822
1137
1315
879
959
682
443
1123
399
965
313
1242
798
1087
1139
1143
814
863
1179
1080
965
574
952
1043
1071
588
1035
687
910
745
480
890
882
699
667
435
753
695
1136
639
821
837
1498
614
924
783
943
1335
550
508
653
1230
615
672
1078
419
1011
708
1141
335
358
1029
756
693
1248
1043
264
1049
1184
773
1095
772
1083
755
778
901
1043
1063
712
760
1098
1274
1077
878
531
1182
1118
1268
1178
447
1139
624
929
833
730
826
515
690
888
1228
673
949
658
884
849
931
367
1089
910
1308
1009
1157
597
792
862
922
1131
897
950
795
493
528
933
375
725
737
726
603
646
674
471
834
1224
1145
988
651
1272
814
1108
874
1235
1184
992
797
949
613
1163
657
990
673
1006
678
726
762
1076
1056
980
374
734
874
1065
974
895
389
807
522
675
1069
613
892
710
901
685
1017
610
785
771
1102
421
628
1093
728
1270
1162
869
806
743
848
921
642
1540
1362
975
609
445
778
1079
820
759
713
532
487
870
1160
833
853
653
540
1036
1034
546
702
1107
1108
917
884
581
625
340
1177
1017
137
1169
761
827
952
1085
759
491
256
1032
1203
423
642
1004
1019
505
571
547
994
264
879
651
891
928
700
1213
1208
806
608
1263
881
942
1129
529
949
1336
1155
950
876
1219
1008
527
623
375
1157
765
846
773
615
908
354
845
610
1303
188
1021
1278
640
1176
1327
530
1116
448
1053
799
869
1015
887
1110
1108
1071
1092
1004
771
436
695
1255
412
740
1169
1122
858
1002
1128
826
1136
111
1035
1121
1203
705
769
863
902
1175
798
909
587
614
1334
384
852
1267
1106
745
461
478
822
1044
1087
720
734
1317
683
1020
871
843
988
1007
927
804
1024
810
935
956
528
578
782
262
1344
514
923
680
580
580
736
1126
475
934
886
1028
65
1154
768
494
1008
1138
1025
808
650
1094
1025
1659
1117
1131
1099
747
752
851
1247
805
879
908
420
1329
551
658
591
630
1427
525
860
1131
681
1021
928
970
812
995
1038
763
1056
613
979
485
861
-12
801
838
490
1356
1161
649
862
954
1055
559
929
1029
996
743
491
742
958
826
928
279
1024
931
1232
844
1175
905
1027
788
884
1030
860
110
503
731
637
903
810
692
1208
660
1025
644
916
1052
631
1463
1007
733
628
991
777
1013
730
863
1114
1167
918
1366
843
700
873
689
728
1161
570
406
888
976
1237
660
671
894
633
525
484
709
491
642
460
530
439
846
822
766
990
838
1209
1147
486
1102
1043
791
1148
960
1053
462
1310
1223
1343
789
1386
983
723
813
985
894
849
1235
579
755
704
309
723
926
712
718
878
761
154
1113
399
1034
924
1108
356
750
982
1067
1031
1149
1154
982
633
1268
1180
1197
799
462
701
630
646
230
920
1287
581
855
1120
667
872
751
1371
680
1515
1094
1213
1210
938
687
561
1122
553
743
448
840
672
678
698
763
430
1029
444
667
1083
351
877
805
1091
880
1255
774
582
1037
1127
688
890
922
846
1195
954
1052
684
1035
658
693
493
559
1112
1252
1110
1127
877
1280
1082
883
659
363
568
812
717
826
551
838
506
966
612
1356
1009
537
995
943
823
469
497
700
699
922
763
942
1107
521
1293
760
579
1270
315
544
864
880
580
582
576
573
720
595
580
914
672
687
451
901
567
930
829
1231
1011
726
582
679
784
556
882
1233
803
857
832
903
1438
387
258
358
1088
903
1150
1083
953
751
740
936
682
1232
1205
1197
1267
1014
705
499
993
724
1034
637
485
1130
1368
624
879
827
733
1039
663
1297
520
1073
749
723
1213
1042
1183
1361
431
1027
546
916
567
561
929
1083
999
457
465
863
137
1125
746
658
735
962
703
1048
1163
1010
1109
785
468
547
935
841
641
852
909
649
929
1439
1153
1026
1507
3419
3266
2892
2429
2979
3396
3758
2471
3543
2007
3410
1874
3389
2167
1813
1762
2777
1652
2044
3174
1207
3081
2130
1093
2879
2143
2449
1593
2087
2391
1116
2795
2255
1288
3193
1414
1234
2460
1552
1743
2053
2918
2503
1779
2294
1881
2188
2264
1785
2897
1756
3338
2418
2950
1826
2441
2249
2894
3179
2389
1519
1783
2916
1891
2884
4224
2929
2505
3227
1350
2136
1956
1281
1558
1892
2159
1357
2403
1831
3264
1188
3271
3288
2772
3279
2660
2925
2403
2331
3429
2968
1660
2324
2731
2633
1486
3105
1961
1951
2611
1834
1877
2617
2921
2604
1994
1800
1885
1785
1756
2644
3291
3336
2397
3106
1429
2057
2238
1711
2344
2136
2536
2636
1432
3142
3128
2926
1353
3123
2942
2678
2845
3370
2916
1715
2135
2226
2012
2408
1499
2212
2826
2678
2408
1675
3050
2032
3322
4307
2056
1837
3624
1561
1722
1569
3232
2399
1995
2291
2559
1689
3148
2373
2036
2528
3587
1095
2203
2622
2214
2357
1707
1229
2778
2815
1906
2201
2136
3387
4147
2465
2517
2125
1177
3046
1757
2431
2088
2163
1420
2345
1417
2338
2340
3119
3166
1596
1738
1507
4257
1565
1767
2458
3456
2951
2402
2773
2322
1693
2432
2491
1658
1931
1040
2570
1717
2047
2005
4578
2816
1705
2835
2070
2780
1852
1380
1926
2125
1873
2696
2369
1673
2034
2559
2933
2674
2496
2522
3285
2677
1653
2270
2069
2628
4000
850
2102
2380
1771
1453
2040
2826
3181
2195
2120
1936
2007
1615
3284
2651
1664
2105
2796
3259
2693
2064
1586
2608
3178
1763
1950
1299
1071
3399
1832
2140
2730
1486
2469
2686
1628
2577
1837
1607
2567
2499
2122
3785
1310
3530
2173
1256
2849
2784
2051
1332
1687
3012
2412
2349
3280
3322
3030
2493
3196
2693
2407
2315
2824
2764
3786
2089
2349
2259
1402
2031
2722
3293
1868
3126
2123
3274
1845
3006
1666
2446
2109
2190
2458
3618
2486
2367
3267
2558
2473
2305
1378
2694
3404
2050
2922
2736
2051
2842
3107
1733
1993
3904
2878
2412
2841
2414
2161
1989
2896
2573
2218
1307
1400
1561
3401
2400
1876
1932
2904
1978
2679
1608
3032
1645
1691
1692
1862
3279
2007
2311
2592
1961
2148
1669
3206
2955
1196
997
2340
1796
2252
2872
1434
2102
1932
1884
3009
3849
3081
2005
2137
3078
2381
2143
2251
3593
2066
3421
2151
2895
3174
2480
1869
1680
1904
2200
2503
2725
2306
2920
2272
2467
3111
2354
1754
2877
3388
2195
2977
1936
2233
3637
2364
2737
2246
4097
2506
1636
2602
3435
2032
2318
3064
1740
1505
2445
2995
2342
1461
2012
2735
2175
2495
2324
2249
1971
1774
2053
1927
2234
3296
2353
2151
2214
2447
2247
1806
2348
2348
1797
1933
1541
2104
1992
1883
2086
3710
1408
2237
3538
1518
2885
1201
2139
2591
2588
2929
1989
1786
1587
1309
2643
2173
1247
1408
3049
2182
288
3411
2059
1539
2676
1989
2378
1494
2778
1620
1488
2799
2615
2127
1930
1210
2262
1693
1935
2654
1555
1640
2600
2432
1968
2297
2515
2500
2412
2405
1569
2742
3105
2219
1506
2861
2083
2106
2456
2282
1826
2227
2496
1391
3188
1010
2024
2113
1831
2440
1610
2530
1787
2747
2704
3820
2288
2718
1870
2041
1708
2796
1876
2008
1688
2142
1845
1674
1358
2283
3204
2074
2386
3010
2114
2256
1499
2466
2786
2424
1952
1803
1683
3100
2190
2569
2489
1580
3558
1338
2283
2821
2955
1305
1436
2408
3294
1975
1941
1357
1967
2425
2129
2626
2722
2430
1827
2399
592
2095
3432
1670
2906
3046
2426
2634
2562
2839
2128
2389
2462
2123
3567
2170
2734
2652
2726
1888
2710
2529
2919
2459
2848
1863
2683
3267
3060
2203
3231
2684
2615
2425
1508
1692
1812
2181
1991
2695
2585
2783
2968
2100
3343
2839
1793
1720
2347
2400
2635
2167
2403
2592
1708
1531
1037
2958
2774
1781
1457
1857
3669
2501
2298
2806
1331
2334
2985
3393
2294
1893
2795
2789
2578
2066
2025
2632
1476
3170
4167
4697
2099
3459
2317
1627
3170
2258
3547
2050
3210
3440
1813
1645
1628
2065
3094
1585
1625
1843
3294
1764
2087
1908
2494
1255
1099
1705
2049
2215
3788
3578
2595
2540
2900
2126
3159
2313
1988
2025
2030
2461
2116
2174
2135
2936
2574
1611
2839
1838
2178
2018
1675
1471
2634
2723
3056
1674
1835
2017
2066
1877
2841
2248
1477
3211
1692
1992
2749
2482
3207
1654
1688
2340
1744
1901
1792
3930
2384
1500
2102
1668
1784
2246
2114
1558
2255
2941
2771
2284
2610
2796
2979
2419
2327
2107
2881
3285
2679
2849
2272
2174
3733
1795
1863
2446
1580
1964
3233
2005
2056
1575
2292
1601
1288
3061
2344
2194
2450
2434
2301
2637
1632
2827
1974
2895
2350
2047
2019
1604
2595
2702
1754
1997
1429
3491
1812
2159
2862
1796
3553
2690
2560
2956
1661
2436
2657
1821
1969
2881
1867
2377
1327
2957
3188
2014
2707
2005
2123
2803
4005
2142
2545
2400
2535
2381
3093
3041
1416
2472
1479
2334
3361
3569
2781
2644
3319
4737
2599
1677
2235
3095
2604
1532
3008
2625
2179
3120
3530
1225
2307
1462
1581
1667
3222
2745
2839
2683
2658
2001
1474
2398
3101
2004
1941
2511
1908
1579
1829
2068
832
3638
2524
1958
2497
2167
3188
3544
2152
2152
3139
2395
2836
1182
2816
2524
2238
2344
3276
3306
2565
3108
2454
2593
2026
1791
4275
2180
3227
2770
3059
2463
1773
1751
3283
2296
2964
617
1736
2610
2714
2748
3174
2183
3066
2302
1986
2280
2668
2399
1901
1866
1767
2878
1617
1719
2581
2334
2533
2449
1545
2261
1077
2607
2269
2107
1561
2504
2160
2562
2513
1388
1869
1929
2765
3021
2076
2294
1800
1670
2759
2677
1576
2211
2136
2741
1627
2346
2270
1683
2929
2702
1332
1627
2604
1914
1347
2973
2737
4017
2501
1600
1761
2982
3038
2440
2009
2971
2145
2005
1693
1634
2154
1168
3643
2551
2195
1472
1909
1442
1426
1070
1748
1532
2259
1746
1516
2867
2924
2390
2863
2615
2036
2598
2019
1629
2747
1726
3507
1015
3025
2731
2391
2121
1562
1604
1854
2513
3507
2283
2004
1699
2118
1325
1850
2154
2654
2999
1746
2452
1716
2636
2541
2671
2212
2031
2025
2085
1816
2524
2389
1601
2122
2881
2161
2669
2712
1247
3458
3366
1853
1709
2249
2378
2404
1558
2264
1690
3097
2239
2016
2354
2387
1377
2665
1646
2166
2993
3088
3225
2059
1637
1864
2012
2067
3640
2295
2480
2258
3353
3185
2764
2797
2153
2202
2185
2574
2351
2794
1837
1914
3008
2605
2947
3000
3176
2613
1857
2851
1727
1557
1776
2900
1968
1497
1544
1652
2867
2021
3948
3478
1794
863
1924
1001
2105
1734
1642
2480
1290
2546
2170
1850
2428
1899
3766
2861
2071
1811
2614
2337
2061
2229
1462
1798
2065
2101
1965
1957
2235
2939
1558
1208
1966
2107
4582
1886
2199
2730
3029
2013
1646
2468
2841
2791
2489
3203
2030
3159
1472
3370
3026
2076
1520
2992
1602
3226
2659
1760
2086
1911
1359
2804
1344
2070
2490
2075
2149
2079
2259
2461
2434
2308
2561
2981
2614
3216
2038
3432
2211
1306
3259
2613
2529
2074
2856
2531
2256
2634
2079
1627
2111
2419
2332
1641
2385
1903
2793
2358
1911
2024
1822
1544
2818
2895
1581
1609
2024
2687
2398
1721
1188
1911
1639
3746
2388
1750
2239
2193
1326
2080
2730
1833
1479
2630
3546
1741
2387
2156
1484
2427
1775
1761
4157
1807
2614
1866
1876
2777
2335
3106
1919
1502
2303
2105
3210
2855
1885
1732
1554
2569
2880
1995
1612
1989
2384
2724
2989
3607
3549
2427
2019
2404
2637
1494
2442
1819
2485
1470
1567
2803
3293
1884
2907
1451
1665
1678
2603
3065
1551
2805
3047
2250
3091
3027
1202
4097
814
1613
2498
2310
1947
2414
997
1719
2019
2040
2523
2404
3267
3884
1697
2236
1985
1844
2069
1819
1873
2115
1998
2355
3352
2173
2728
1785
3218
1339
2399
1724
1769
2480
1570
2202
3299
1985
1358
3057
2651
1689
2009
2347
3185
1458
1444
3899
2759
2307
3095
1620
3511
2153
1375
2643
2816
1433
2373
2460
1794
2253
2774
1412
2724
3619
2797
1550
1203
2865
1588
2403
2008
1638
2214
3138
2484
3445
2632
1333
1301
2220
4441
1310
1595
1757
1980
1676
2500
2529
3539
3510
2571
1670
3373
3654
2355
2342
2486
2774
2229
650
1731
1978
2516
2280
2185
2036
3112
3377
2521
2124
3297
3142
1329
2337
2402
1801
2227
2747
2150
1821
3732
2464
1664
1903
2311
2355
2645
3077
2807
1930
3776
1804
2491
1681
2439
2090
2814
3698
2304
2170
1793
3169
3080
3043
1779
1605
3080
2441
2883
2090
1864
2015
1991
2320
2200
2829
1982
3073
2413
1787
2046
2800
2914
2362
1851
2175
1807
3448
1241
2254
2130
2300
1714
2279
3690
2378
3083
2264
2984
1842
2912
1680
1757
1912
1047
1079
2020
2536
1187
1987
2920
2042
2155
2721
2442
2432
1437
3036
1806
3021
2315
2018
2374
1988
1506
1643
2188
2256
2426
2391
2186
2340
2819
2747
2980
2660
1860
1906
3513
2661
1377
2730
1629
1377
3339
3043
2132
1208
1698
2337
2326
2784
2044
4246
1976
2707
1326
1780
1817
2484
2035
1559
1663
1419
2614
2787
1995
2348
1288
1609
1916
2443
2211
1669
987
2198
1955
3266
2013
2462
2259
2949
2066
2095
2818
1633
2169
2003
1180
1975
2511
2040
1614
1561
1774
2722
3266
3821
1803
3093
3317
1187
2514
2890
692
2777
5010
2568
1518
2070
3751
2464
2689
1423
1989
2258
2965
3096
2147
2199
1981
2856
2166
2573
2211
3101
2066
2716
4051
2133
2094
2382
2899
2337
2474
2113
1857
2713
1247
3763
2236
2743
1443
1702
2140
708
3457
3250
2500
1778
3122
2169
1972
3077
2379
2236
2877
2396
932
2352
1541
1925
1645
1925
2694
1913
2433
2915
2073
1521
1946
2408
2901
1407
3404
2429
3386
1749
1769
1934
2165
1642
2299
1488
2081
2425
2460
2345
3240
1981
1296
1675
2180
2724
3128
2685
3543
3348
1774
1804
3388
1900
1845
2604
3266
2796
2445
2384
3074
1814
1478
978
2167
1501
3069
3059
2702
1823
3035
2299
2233
1978
3225
3554
1799
2342
2187
1438
2104
3739
2187
2028
2999
1342
2119
2300
2226
2870
2189
1634
3492
2865
2617
2086
2593
1858
2803
2029
2684
2817
3427
2003
2731
3703
2787
1978
2826
1938
2443
1685
2261
1089
3873
2584
2128
3218
2271
2060
2222
1985
1703
3339
2734
2141
3199
2531
3075
2598
1699
1583
2186
2776
3126
2649
2740
3459
2162
2189
1433
1962
2810
2209
1577
2120
2658
2750
2452
3309
1974
2109
1392
2380
3373
2381
3333
2385
1903
2072
2871
2857
2243
2409
3526
2861
1492
2360
1995
2664
1894
2978
2748
3356
1362
2226
2639
2481
1807
1073
1872
1994
1669
3552
1850
2899
3253
1163
2790
2619
2950
1583
1466
2450
2303
2127
2177
1921
3692
2794
2525
3124
1680
1867
2470
1756
2103
2106
2275
1257
2081
3837
2413
1896
2637
2402
2328
2682
2958
1441
2663
1721
2959
2948
2444
2745
1726
1433
2408
2668
2565
1820
2248
2550
2967
2858
1904
1858
2285
2596
1592
1863
1663
2596
1739
3476
1514
1760
2873
2227
2770
2273
2311
1991
2288
1406
2171
3620
1423
3284
3128
1978
2386
2134
2713
2544
2283
3040
1313
2614
1873
2707
2289
2497
2187
2154
2691
2517
2187
2271
1815
2224
2860
2006
1665
1538
3077
806
1692
2356
3044
2523
1611
2717
1880
2523
2610
1937
2820
3907
2494
2575
2489
1774
1881
1424
2045
1819
1637
2646
1706
2360
1655
2022
1620
2451
2271
2922
2751
3029
2976
1963
1793
3198
1379
1321
2299
2267
2298
2589
2987
2366
2078
2889
3521
2679
2592
3174
2769
1447
2599
2086
3696
2547
2068
1245
1883
2822
1985
1587
1902
2077
3145
1808
1511
1754
3169
2325
1211
2061
2808
2695
1078
1649
2158
2187
3626
2305
854
2320
2610
2935
2159
2405
1450
3015
2597
4020
2371
1810
1837
1817
1761
1612
2815
1504
1499
2676
1444
1809
1453
2116
2825
1231
2053
2257
2334
2232
3090
3283
1993
2355
2724
2137
2111
2530
1812
2026
2569
2523
2003
2767
2086
1856
2367
2206
3299
2005
2991
3005
3472
2272
2190
2017
1949
2892
1955
3066
2921
2556
2744
2789
2025
1943
2477
2394
2101
3108
2576
1607
3053
2517
1730
3063
2360
2713
1958
1890
2019
2131
3291
3984
3080
3040
2663
2845
2448
3117
2128
2208
2498
3099
2858
1274
2673
2023
2555
1822
2026
2492
2149
2211
1941
3641
2843
1608
1922
2705
1919
3311
1709
2831
1707
2248
1658
1746
1921
3296
2053
1977
1932
2470
1471
2694
2300
1185
2065
1744
2086
2597
2899
2340
2067
2178
2886
3145
2944
1960
2507
1563
2484
2066
3154
3404
2094
1223
2202
2755
2101
3260
2369
2173
2291
1869
2081
2058
4110
1909
1488
2273
1992
3104
2242
2216
2594
2414
1186
2373
3103
3008
1984
2252
1406
2854
2020
2166
3215
1757
2601
2230
3183
1972
1589
3543
2167
1243
2699
3623
2167
2317
2575
4053
2158
1715
1927
2802
1790
2099
3030
2662
2146
2328
2559
2834
1723
3301
2437
2297
2366
2136
3149
2712
2423
3633
1446
1120
2218
2137
2243
1106
2918
1910
3358
2337
1985
3427
2629
1279
1730
3325
2275
1737
2316
2207
2870
2002
3012
2364
2946
1741
1746
1645
1256
1926
1390
1685
2771
3372
2184
2770
2463
2643
1980
2280
549
2933
2392
2584
1861
2265
1383
2587
2635
2352
2686
2475
2413
3274
2089
1325
2413
1419
2212
2737
2406
1840
2072
2110
957
2605
1790
4185
2243
1246
2260
3799
2303
2809
2568
1845
1964
2358
2956
1508
4856
2706
2260
947
1286
1955
2276
3376
1593
1792
2444
1614
1700
1910
1635
2255
2116
2212
1843
1531
2705
1113
1330
2866
2161
1431
3563
2704
2474
2044
2491
2695
2108
3012
3039
1392
1901
1463
2289
1833
2197
2192
3261
3339
2703
3305
2543
1321
1962
1600
4129
2821
1586
1953
2407
1910
3139
2818
1895
1759
1696
2660
1720
2270
1788
2237
2431
1560
1378
1966
2243
1298
2282
1635
2794
1966
2136
3385
2038
1994
2449
2901
2567
2779
2594
1772
2788
2894
2388
1549
2206
1383
1757
1945
3655
3340
1424
1863
2112
2508
2518
2083
1969
2171
2658
2253
1108
1499
2627
1605
1885
3263
2008
2954
1888
1563
1981
3178
2051
2575
2236
3135
2933
2715
1543
2369
2145
1610
1833
2705
833
1859
2702
1266
3286
3290
2781
3247
2776
2151
2330
1885
2030
2832
1547
1737
3042
1863
2957
1910
811
3529
2985
2821
1881
3058
2083
1709
2025
1261
2632
2646
1918
3240
2208
3086
1710
2832
973
1198
2239
1734
2176
2206
2723
2479
1879
2142
1742
2405
2449
1983
1924
2260
2181
2251
2313
2097
1675
3652
3750
1985
3008
2254
2466
2136
1349
2006
1439
2521
2895
1638
2008
2113
2743
3162
2267
3505
2255
2415
3139
2852
1685
2199
2106
1720
1908
2063
2172
2662
2027
2106
1928
3000
3033
1465
3444
2337
2459
1650
2090
1478
2959
1272
1763
2007
1828
3518
2752
1757
3377
2083
1482
2456
3198
1784
2369
3017
2563
1478
1706
1692
3004
2761
2603
2685
1423
2536
1019
1716
1732
3356
1369
2929
2706
2133
2902
2623
2668
2657
1641
1810
2559
1645
3605
2265
2872
2865
2849
2920
2101
2430
1525
2007
2739
1355
2656
3776
2987
2621
1794
2541
1919
3190
2726
1557
2742
1664
3429
2947
2434
1754
2464
1820
3290
1952
2300
2401
2464
2667
1661
1298
2103
2349
2437
2007
1961
2123
2342
2198
1379
1533
2255
2624
2655
2794
1894
1785
1442
2054
2139
1864
1631
1374
2591
1156
3789
1667
2217
1705
3158
2199
2530
3151
1568
1864
2257
2474
2908
2389
2141
2545
2404
3399
2441
1904
2098
1683
1920
2708
2311
3020
1531
2744
1253
2306
2193
2424
3155
1289
2010
1432
2226
3181
2224
3467
1619
2452
2315
1694
2781
2775
2272
3356
2645
1738
1475
2740
2277
3213
1536
1680
3556
2327
1798
2296
2672
2109
2861
1986
1302
1911
2333
2360
2882
2024
2288
1161
1592
3518
3299
1943
1578
1648
2122
2986
2277
2267
3961
2397
2718
2444
2475
2067
2124
1933
1306
1779
2096
2145
3299
2991
1623
1749
3005
1342
3252
1880
2390
1987
2148
2308
2080
1250
1180
2769
1643
2512
3057
2174
2265
1723
2813
2198
1662
2262
4352
1426
2697
3062
2438
2203
2164
1628
1455
2451
2482
2394
2830
2036
2956
1968
2951
2863
2264
3298
933
2242
2176
2874
3388
1073
2374
2125
1586
2010
2670
1661
2531
2001
3205
2024
3079
2628
2167
2764
2997
1319
2103
1852
1657
2788
2599
2495
828
2265
2149
1783
2231
1805
3497
4193
1970
2056
3472
2968
2758
2949
2750
2654
2464
2508
3094
1830
2188
3081
3526
3058
1498
2878
1944
2429
2607
1009
1787
1781
2995
2393
2195
2143
1535
2004
2737
2227
1606
2357
1622
1521
1370
3206
2389
1718
2642
1982
2341
1821
1153
2082
3328
1860
947
1884
2908
1576
1585
2273
2941
2281
1801
2356
1918
2134
3465
2570
2144
2831
2333
2626
2041
3071
1689
2616
781
2373
1181
1122
1420
2847
1612
1641
2254
2322
3077
1852
2424
2269
3732
2811
2315
2575
2166
3491
2566
2398
2330
1624
1911
2959
1479
1851
2163
2659
1361
2284
2926
1999
1995
2223
2395
2116
2651
2038
1576
1517
2031
2770
2279
1410
3035
2097
1728
2157
2842
1606
1242
2854
2478
1549
2193
1754
1955
1539
2197
1645
3633
1567
1808
3074
3158
2163
1488
2216
2512
2586
970
2029
2812
1921
2299
2967
2470
3038
2631
2284
2364
1657
2063
2448
1506
1752
1951
2837
3224
2187
3084
1541
2596
2381
2763
2019
2512
2010
3090
1933
2491
1584
1870
2834
2106
1780
2411
3182
2326
2639
2347
2317
2137
2534
2268
3139
2733
3454
2422
1591
2364
2313
2577
2902
2723
1433
3393
1885
2517
2926
2719
2582
2232
3572
2155
3121
2684
2448
2798
1548
1130
2678
1899
2109
2677
1742
3605
1485
3435
1700
2812
3005
2388
2238
3348
1340
1839
1658
1962
2903
3491
3112
2462
1918
3007
2362
2922
2909
2450
4713
1906
2931
2546
1975
2920
2182
2724
2978
1010
2077
2261
1065
2349
1345
2745
1852
2226
4051
2895
2422
2161
1823
1186
2576
2828
2209
1408
2800
1332
1440
2465
1351
1606
2189
2258
2005
3098
2426
1218
2192
2304
1121
1732
2815
2308
1996
2743
3526
3386
2017
1989
3209
1712
2151
2668
3042
2907
2301
4176
2592
3473
3044
2312
2377
2631
3379
2408
3226
2567
1859
4000
1696
1769
1761
2532
2112
1743
2524
1614
2602
1699
1812
2351
2057
2151
2482
856
2189
1777
2771
3191
1678
2053
2886
1963
2410
2117
3315
2412
2556
2365
1761
1918
2348
3374
1936
2980
1739
2390
3398
2690
2205
2987
1056
1272
2773
1313
1867
2360
2657
2981
3435
1524
2239
2264
1736
2437
1918
2152
3024
2456
1067
1462
2364
1375
1539
1595
1241
2295
2010
2576
2665
2094
2221
1325
2642
1862
1740
1617
3183
1909
2173
3796
2024
3379
2884
1892
2354
2619
2380
1723
2221
1673
1760
2532
1753
1124
1980
1034
2058
1963
2433
1894
2424
3299
2052
2376
3759
2677
3197
1847
2766
2223
1715
2388
2169
1984
2952
2575
3926
1981
2830
2638
1529
2377
2288
1628
1719
1996
1523
1928
2887
2018
3421
1913
1918
2719
1714
2208
1548
3209
3196
2919
3186
2236
2176
2672
2618
2725
1884
1449
2984
2403
2498
1583
2668
2218
2526
2075
2647
2631
1524
1844
2328
2128
2213
1980
2276
2127
1832
3164
2573
2426
2087
2272
1962
2681
1224
2482
1285
2485
2380
2500
1053
1974
2275
1467
1752
1577
1620
1561
2530
2289
2918
2812
1859
2547
1836
2373
1142
2673
3254
1198
3205
2412
2384
1821
1985
2231
2198
1231
2314
1687
2581
1844
1944
3178
1889
2492
2436
2190
1624
2567
1255
3082
2745
2373
2045
2255
1894
2674
2548
2903
3654
2862
1594
1543
2014
2749
1748
2210
2654
3020
2854
1972
2659
2654
1793
2173
2324
2869
1449
2067
1603
2079
2268
1772
1332
2350
1428
3237
1931
2462
1880
4007
1901
2352
2795
3238
2177
2012
2035
3264
892
2352
3018
2295
3000
1130
3160
2559
2717
2779
2213
1518
1464
2463
3053
1873
3761
1411
1498
1857
2076
2893
1827
3131
1586
2497
3039
1392
2153
2193
3314
2450
2596
1241
1662
2091
2412
1582
2094
2031
1449
2547
1319
2443
3199
2237
2542
1566
1740
2785
2853
2937
3076
2229
1372
2160
1775
1707
1905
2330
1960
2098
1782
2979
1468
1203
1940
3115
1957
2794
2122
2034
3536
2973
2667
2025
1615
2455
3242
2000
2362
2473
2351
1691
2425
2261
1964
2134
2724
929
2389
1694
2138
2105
2434
2991
2813
2926
2397
1996
1887
1727
2763
1985
1264
2161
2544
2111
2420
2834
3285
1638
2698
2001
2116
1944
1578
2652
2562
2154
1305
1246
3059
1983
2397
1768
1270
1684
1371
3385
2782
2619
2266
2216
2550
1936
1126
2318
1450
4018
1829
2112
2032
2802
2844
2578
1249
678
2388
3455
4133
2569
2594
2239
2548
2314
2034
1816
3219
2566
1680
1330
2246
2704
2184
1854
1069
2815
2758
2909
1498
1749
2980
2831
2508
1639
2157
2719
2392
3741
3251
1815
1560
2423
2549
1601
2651
1925
2775
1898
1857
4502
1985
1650
2334
3074
3394
864
2593
2792
3101
2610
1227
2810
1892
1752
2319
2726
1843
2114
2363
2358
2892
1953
2629
3189
1456
2819
2247
2279
2072
3567
1072
2929
1609
2204
3203
3324
2710
2169
2789
2428
2239
3397
2143
3392
2934
2866
2214
1639
2072
2021
1943
1812
1986
2211
2684
1872
2676
2320
1869
2608
2442
2756
3183
903
1995
3115
2831
2490
2579
2010
2591
1671
1458
1530
3812
1599
2007
3086
2195
2766
2016
1999
1499
2151
3634
2840
1558
2433
2691
2240
1373
891
2554
2571
1462
3239
3236
3025
2134
1430
2590
2035
3276
1282
2935
2766
2916
2233
3203
2550
2610
2492
2767
2055
2765
2002
2065
3245
3108
1786
3292
2258
3015
1996
2651
2557
3101
2245
1234
4169
2476
3014
1938
1969
2978
999
1798
2128
2980
1686
2315
2422
1316
1543
3380
2015
2062
2366
2536
1749
2437
2191
2667
2101
3000
1883
2219
2665
1620
3374
2050
3149
2331
1985
1602
3873
1635
1952
2451
3139
1939
2453
3314
3536
3256
3610
1912
2403
1850
2086
1672
1544
1505
2038
2152
2010
1478
1213
1284
2358
2075
4112
3393
2529
2816
3539
1828
4471
2290
2924
2680
1601
2250
3612
2295
2798
2731
2424
1676
1527
3281
1831
2765
3698
2047
1749
1361
2271
2373
1672
1248
1571
2141
1863
2649
3127
3045
2962
1457
1894
2778
2203
2335
1479
2042
1890
3111
2409
1381
2251
2669
2979
3080
1684
2541
3101
2759
2471
1481
1994
1561
1777
1456
1543
2165
2673
1602
1105
1668
1925
3034
1410
2311
2630
1759
2073
2159
2003
1512
3278
3027
2498
3394
2014
3609
3122
2869
3011
2106
860
1849
2181
1980
2559
2968
2469
1688
4040
1673
1930
2519
2436
1318
623
2651
1106
2596
2446
2080
1574
3066
2172
1860
1806
2418
2851
1665
1749
2363
717
2129
2608
4002
2807
2565
3012
1376
3128
1608
760
3038
2788
2568
2650
1632
2253
2316
3578
2611
1975
1946
1625
2874
2061
3629
992
2019
2355
1616
1343
2206
3377
2374
1607
2581
2694
2042
2978
2721
2363
1731
2604
2938
2809
2603
3112
1924
2681
1989
2637
1933
2588
2975
3219
1757
1711
2384
1392
2227
3380
2501
2562
2053
3079
2538
2241
2404
934
1829
2351
1691
2173
1890
2661
2450
1165
2187
1631
2339
2873
2864
3586
1965
3239
2911
2303
1961
3080
2419
2198
2299
1339
1934
1818
1933
2933
1770
2697
3034
1071
2946
3170
1904
1616
3484
2420
2042
2283
1209
1187
3396
2044
954
2597
2317
2936
2228
1630
2904
3098
1939
2311
1241
2016
2261
1831
2949
2804
2519
2510
1304
1605
2754
2326
2526
2255
2518
2832
2901
2394
2277
2239
1639
1592
1809
2180
1283
2316
1362
2238
2922
663
2456
2617
1818
3366
2857
2448
1505
2188
1667
1872
2144
2274
1483
2472
2220
1680
3278
1695
2696
2787
2355
2315
2290
1562
2531
2134
2377
3012
3009
2290
2648
3204
2071
211
896
277
-217
288
-238
1521
-1165
-1659
-2314
-1819
-1659
-405
69
-1109
-563
-1165
-818
-812
-258
-139
-324
710
-687
-1448
-658
-1138
-1069
-486
609
335
-542
-676
99
927
-714
-42
55
-87
804
144
317
413
519
668
1282
804
1373
946
2063
1633
626
-18
239
-1545
197
-355
-342
2771
260
-1910
2084
1161
1481
821
845
-363
1203
-410
1055
-975
569
544
-1183
-597
794
1842
342
-1238
704
-1736
-1265
-1026
-1621
-1304
204
-1203
778
-342
275
-1481
71
-1933
-458
1016
-1457
-896
-1160
-485
-2233
-785
485
-361
2126
752
1278
574
-210
324
-1954
-3025
-75
31
364
-385
-1143
1600
294
249
-510
817
-273
2020
127
78
969
-1014
-1573
-236
-598
-1468
-52
-474
-570
-3529
-1274
-2083
-514
-282
-1590
-251
-1173
-1263
-2524
-1021
-1398
-805
-712
258
-273
200
829
-2650
1206
-15
1284
472
-391
-1655
-608
-810
2031
908
477
1002
-1380
-346
-1705
341
11
1162
1269
676
-1282
1582
-1892
-904
797
1235
-1219
-257
152
1936
363
596
958
568
558
268
739
-39
986
1305
-507
785
1326
1527
404
-428
1124
-1627
543
664
563
1105
-64
-695
-116
-1522
941
-420
-127
358
-91
432
-274
315
1443
1412
-478
-921
-1414
41
1361
-627
1496
-802
-1548
-1098
946
303
-1391
489
271
784
460
-666
1048
777
955
-102
-251
-285
-207
-1008
102
-1811
315
-1021
-772
90
321
261
-882
2123
-589
478
1178
-275
-376
319
321
-2115
497
-38
122
-262
-1748
-1651
1321
-15
421
57
712
46
-393
430
-77
-1289
446
131
1688
-1406
918
491
297
2303
-239
-747
833
-639
1044
201
-1407
-813
101
214
476
-1244
965
-1565
-1368
-1099
-565
-1934
1019
1104
-1710
25
1020
194
-731
-687
2073
1415
1533
-106
-1462
-497
-126
-820
-1449
-1582
-2141
-262
-1946
-998
-2012
-2522
-920
-188
-1498
614
1263
1192
-74
622
864
-1379
-582
-763
70
346
223
759
-1450
892
353
-637
1043
190
-1491
-843
-1280
316
-1010
-987
394
-626
360
-226
1690
58
660
866
1242
1482
1345
-1366
584
-417
-384
1012
497
-555
-211
-240
-326
1277
541
-1106
-129
1502
1220
-1294
38
-618
-385
-527
-243
-621
1050
-1612
631
-1145
512
211
-221
26
1472
-786
1498
-45
5
-1741
885
201
-1317
-1092
-1628
2053
-493
140
916
611
398
924
-723
748
735
975
590
-1033
844
2860
281
-1565
-1788
1681
234
693
-373
-518
-619
-409
456
346
-383
1435
-2194
78
801
194
18
-567
650
664
-2188
2100
1142
1487
-2142
48
1303
996
-1365
125
-10
-1399
-935
-274
96
-713
-1177
562
209
-526
1629
271
-311
-1313
-449
-570
1304
409
3060
645
1785
1326
-1796
1929
711
700
-771
-2033
677
298
497
-1996
2513
-1149
1478
1331
-1943
-1558
332
1294
-2480
1054
392
1845
-1183
-2641
335
1132
340
-312
-1183
-26
785
-621
-206
704
301
443
754
-952
-60
21
881
-345
-363
-5
1006
974
802
1312
743
1047
380
-141
-244
-199
5
380
1273
-1025
1068
-2275
712
-955
-1950
237
-329
129
1146
197
-1260
253
2242
1256
84
866
-1164
-1936
324
-665
869
-779
-1646
-53
1251
-598
2128
682
-44
525
-1068
317
520
1628
499
-840
205
-27
358
-294
1018
-1079
922
-817
-749
-165
1234
-841
421
135
329
-767
1461
-1227
442
560
1607
1523
-844
148
1306
588
1856
-1067
-1013
-1060
684
425
540
1607
-361
444
-473
495
1588
633
-770
-220
-1422
-2722
1356
61
-329
205
-113
-233
-335
-331
-1832
-71
1283
-1137
-140
45
126
-1032
2321
1638
-1468
-37
-921
-1442
-1045
-1327
-1234
704
-1155
-1346
-999
-593
682
1697
-329
-388
837
734
202
-413
1180
669
428
-607
-1056
1291
-566
282
-913
491
-654
472
200
-973
1641
515
506
963
163
1787
-253
-1378
490
608
-1557
690
-378
-990
-474
-2236
-275
-796
767
-839
-1901
836
1773
1375
-965
1573
1554
1223
-416
-1430
-79
895
-448
-512
1519
-109
-2441
1823
1980
-2430
720
1432
1319
414
1563
-762
-301
927
537
-1010
897
2175
473
-200
-354
-1339
-660
1896
-655
105
-487
-209
566
572
-388
-1195
-1649
-1459
288
621
2256
318
304
317
1625
-369
760
-1170
1092
-330
1927
1
1125
156
-20
-1295
-27
708
543
300
-447
1789
-1052
836
1179
228
-99
448
-80
156
157
460
-715
-2219
-1214
-328
382
1742
1091
-2933
-1914
-858
210
-1094
67
-78
2769
1061
-218
3283
-929
-1073
2153
1313
420
2083
462
-230
1049
-175
1439
-420
530
49
270
108
-459
-1937
54
-422
-534
-2363
-1148
-277
1019
-743
1406
606
-302
-398
2109
-429
-1146
1884
1379
383
1228
-1155
-1055
408
-1481
756
301
-830
247
420
-924
405
972
-333
-1259
-227
-1190
480
1846
-577
2129
-635
268
1098
-891
1240
-256
-1104
-705
-57
569
91
-1268
-137
590
-216
945
-90
974
-262
2461
-262
-749
-1423
-1023
443
-1900
-879
-1216
-1140
278
658
1582
-610
-416
541
137
1412
-1472
537
-837
-20
-561
-614
362
927
-16
-192
1393
136
393
812
42
1338
-864
-1105
-1100
-926
132
1346
1743
-448
1388
-324
649
-352
-2109
-1026
1541
-2056
441
1100
1372
2926
454
-122
1519
466
108
824
-387
917
-571
1285
2017
210
-669
-1995
80
301
1077
149
-671
-131
-154
275
-110
793
216
-537
612
-1009
-3199
-821
-855
-1453
-769
-1431
610
-391
-37
-745
-163
-1062
-795
914
1268
756
43
45
2691
307
-568
-1578
-385
-621
2799
784
-295
-629
590
726
1356
306
-79
-215
308
3054
1388
-1290
-1934
-1236
-977
409
-1029
-720
-2419
-1453
-1122
-154
-1474
-552
-286
223
1922
