0	883	n04522168	0
1	78	n01776313	1
2	73	n01773549	1
3	5	n01496331	1
4	616	n03627232	1
5	549	n03291819	1
6	71	n01770393	1
7	78	n01776313	2
8	77	n01775062	2
9	73	n01773549	2

10	73	n01773549	2

11	78	n01776313	3
12	868	n04476259	3
13	111	n01930112	3
14	885	n04525038	3
15	78	n01776313	4

16	616	n03627232	4
17	73	n01773549	4

18	71	n01770393	4
19	111	n01930112	4
20	691	n03868863	4
21	70	n01770081	4
22	69	n01768244	4

23	78	n01776313	5

24	78	n01776313	6
25	78	n01776313	7
26	78	n01776313	8
27	322	n02277742	8
28	78	n01776313	9
29	69	n01768244	9
30	78	n01776313	10
31	78	n01776313	11
32	78	n01776313	12
33	616	n03627232	12

34	73	n01773549	12
35	77	n01775062	12

36	78	n01776313	13
37	78	n01776313	14
38	317	n02259212	14
39	69	n01768244	14
40	78	n01776313	15
41	70	n01770081	15
42	126	n01990800	15
43	616	n03627232	15
44	999	n15075141	15
45	78	n01776313	16
46	78	n01776313	17
47	78	n01776313	18
48	126	n01990800	18
