3508
1378
3100
2541
2947
3182
4594
3749
2969
3750
4085
1850
4243
3670
5405
3689
3321
3105
2514
3639
2974
5962
3450
3533
2329
2109
4430
3515
3481
4214
3968
3098
4561
3007
5203
3258
4211
2813
2891
3355
1657
3168
4517
3060
2588
4072
2238
1203
5604
2263
3996
4804
5067
4280
4549
3732
3710
4400
877
2000
4007
3548
4013
2058
1513
4460
3017
3589
1812
2046
2965
2494
4204
3636
5006
3696
1988
2357
5228
4657
2128
5108
3211
1361
4882
1208
5061
1740
3149
4509
3367
3809
2687
4658
1421
3370
3202
1037
3161
3411
3407
2414
3821
4382
3247
3395
2529
2576
2726
2689
3959
4763
5081
2644
3513
3884
3739
1675
2423
2691
3419
4001
3800
5554
3154
5363
3727
3318
1392
1889
3383
2552
4123
3662
1694
704
3691
1946
3168
3389
1613
3367
3730
3528
3987
4509
4157
2277
5916
2898
4988
3169
2582
2387
4583
6716
4251
2976
3257
3258
1300
3892
4721
3074
3278
1980
3618
3259
2111
4928
5067
3479
2105
4116
2699
4096
4172
2443
2169
4593
3597
3941
3384
5186
3048
3556
3806
3695
1912
3354
4844
3639
3463
4099
3579
2607
3037
4838
3220
5836
5228
5104
3931
1120
2305
3090
4917
4688
4555
2489
2814
4156
4243
3627
2692
3890
3356
2107
1834
4855
4207
4565
3998
4664
3831
4219
5084
4245
2380
3309
3328
3019
2256
2939
3074
4811
1552
5810
4306
3514
3655
3570
3493
4287
2023
1775
3523
4273
4299
3922
3475
3646
4466
5494
2729
1993
3554
2978
4316
3284
4787
2191
4639
1124
2742
2960
2902
2854
2926
2585
3970
2637
5401
4653
3431
3153
2270
1913
3936
3080
1648
1688
3892
3555
2874
2164
4100
2742
5110
2065
4999
1488
3290
3285
4442
2942
2813
6167
4099
3861
3685
3854
3825
4936
4998
3930
4202
6041
4661
2101
3972
3920
2789
3755
3769
3528
2892
4766
3411
3059
2215
4503
3778
6218
4227
3168
4834
2659
3252
5407
2166
3684
5708
4257
3949
3015
3755
4166
1863
4275
4491
4085
2939
2878
2317
4251
3134
2793
2811
4307
2358
3329
2294
3126
3981
5780
3470
3721
4240
3402
3178
3850
1743
3577
4314
4235
4553
2529
3735
4146
4548
2526
2601
5157
994
2819
3047
3614
4285
3976
3107
4678
1593
3344
3451
2722
2470
2496
2593
3710
3665
2499
1457
3135
3899
4104
3036
3145
3854
2909
4136
2203
4683
3641
5243
4530
3964
2612
2542
3476
3721
3173
2406
3246
1338
1529
3405
1690
1960
2986
3017
2170
4250
3706
4452
3482
3152
3422
3724
2269
2224
2146
2314
3578
4420
3991
3825
1823
4321
4303
5152
2991
2542
4115
1396
2755
3946
1841
3339
3588
2469
4814
4641
3837
2549
2392
4746
2116
2205
2785
3092
3180
2497
2626
3370
3174
4224
2235
3539
3607
1218
2479
1690
3770
5332
3736
2822
2006
4705
1653
4513
2522
4092
3187
3969
2999
2878
4986
2275
3202
2978
5361
4589
2710
4468
1421
3077
2808
4812
2302
2771
4478
2634
4379
1358
2198
3411
2023
1740
1370
7907
4642
3808
5614
3969
4712
3492
2631
4553
2716
1547
2251
4619
2914
3513
2158
2773
3741
2429
4328
4084
3103
2185
2563
3911
1784
2667
2745
3464
2850
5935
3290
3114
3504
2267
2409
3032
3218
3947
3380
5491
1686
3135
2727
2782
3377
4655
3776
2970
3121
3864
2702
1659
2834
3483
3437
4283
4322
3613
5157
2576
3432
2921
3402
3054
4552
3397
3810
3712
4316
2014
2299
2629
2664
4725
2613
3487
3551
2906
1906
4115
3818
4766
4084
1409
2046
3822
3300
3329
2484
3974
1971
4362
2923
3856
1744
2544
3796
4014
3277
2338
3157
4133
2191
4012
3287
4830
2319
3325
3692
2677
5296
2531
4188
3867
4283
4330
4116
2471
4544
5440
4376
2260
3472
4252
2205
4344
1290
2838
3722
3600
2206
3136
1486
2976
3344
2468
2955
2265
1984
4290
2427
2902
3829
2688
4253
3617
5151
4326
2399
3401
4182
2467
3186
2002
1558
2677
5015
2617
4975
2523
3045
4023
2885
4563
2069
3048
3743
1921
4610
549
2773
5554
1164
1351
3790
3415
3795
2275
1021
2688
2263
3001
3792
5741
3618
2744
2884
3443
4813
2392
2734
3426
5309
3331
3065
2667
4297
3616
2850
4268
2233
3214
3130
3592
1014
3689
4148
4372
3705
4459
3356
2526
3596
4132
3340
4917
2861
1735
3869
4448
2576
4680
4003
5020
2964
2819
2983
3551
3525
4437
3409
3402
3312
5446
3096
1970
3265
4091
4642
3921
3281
3203
1892
2092
3497
3805
6443
5156
3195
4081
2700
2519
3439
2720
2571
4462
2926
5075
2613
3442
5781
4102
3337
5025
3317
2419
2460
3577
4056
4038
3476
4104
2867
4563
1730
4576
4064
3218
3427
2787
3465
4419
4711
4292
5471
3394
3652
1392
4219
1101
4244
3056
5145
3610
1695
3238
3037
3799
2875
1519
3628
4211
1095
4287
5424
4425
4494
3345
3168
1382
3704
3903
858
5647
4355
3157
3935
2734
1617
3537
1984
3883
1820
3974
2940
1330
1143
2623
4737
2697
2541
6277
3942
2872
3111
3039
1456
3391
3434
3739
2565
3274
4357
3109
3636
2640
4170
5863
2633
4545
2698
2586
3677
2473
4224
4295
4144
464
3056
4016
3249
2993
4710
4264
5104
5168
1783
1397
3062
3193
4627
3323
3171
3134
219
3665
5072
3236
2283
3145
2798
3448
4217
4395
3698
2867
2027
4185
3679
3226
2711
3817
4606
2949
4401
1201
4026
2279
3764
2123
5128
2071
5387
5862
3631
2518
3095
2909
1512
2924
4729
4822
2073
4603
4152
2294
4379
1970
5188
6128
3883
2692
3727
2884
3168
1230
5024
2726
1478
2315
3581
4305
2309
2365
4228
3696
3170
1706
4428
3058
2590
2043
3216
4100
1840
3005
5185
3742
4806
3368
2967
1334
4588
2195
2259
3054
3043
5367
6080
5374
2938
2591
6639
2273
3319
2555
4070
3128
4574
2150
2764
4616
2742
2952
3585
3368
4397
3774
2998
4472
3597
2352
3534
3178
5335
4710
2974
1907
1679
4421
2877
4038
3025
2857
1977
4492
3584
2515
3858
4041
898
3179
3070
3034
2968
1968
5020
5006
2311
4440
2760
3171
3958
2914
3941
3957
223
3604
3556
3697
889
3397
3049
2923
5035
3428
4093
3215
3440
3968
2183
1582
3791
3787
4775
3048
3637
3933
4453
3893
2295
1336
3441
4023
2495
2798
2855
2321
3225
3026
3405
3216
2863
5217
3891
4560
2753
1871
3820
3007
4494
1931
3843
3906
1091
2272
3524
4337
2773
4671
1866
2541
2850
4627
2939
3813
2887
3394
2763
3220
2380
4389
1224
3044
4787
2071
2840
1335
4999
2181
3097
5437
2654
3823
3943
4228
2790
2775
3098
3473
2132
4093
2271
4305
2284
3328
3594
4495
4257
3577
4943
3217
4100
7484
2312
4830
3086
3258
3466
2790
2513
2865
1780
3686
3815
6085
1869
917
3687
3267
948
2690
5379
3061
4467
3254
1971
3009
5411
1699
2479
4829
1733
3063
3309
2191
3929
3372
2761
6089
2647
1673
4518
3756
1864
4871
4627
1914
2807
2611
2546
3849
4932
1727
4930
2772
4086
5599
1731
3538
2464
4701
3695
3437
3865
2797
3695
2910
4185
5539
2060
3371
3446
4274
3818
3196
3671
4307
2908
4303
2332
2913
4057
4798
2947
5121
4460
1509
2427
4430
3970
4560
3325
3500
2259
4531
5183
3873
3210
3700
3742
4083
5124
4037
3230
3975
3625
1978
3839
3543
2474
4300
4808
3849
3530
4444
2401
3165
3429
3317
4605
4284
3775
4819
2993
4192
2150
4890
3811
3608
3357
3135
2535
3811
5285
2363
3190
3412
4381
3972
2446
1042
5068
4923
2261
2846
3285
3732
2444
3396
4276
2435
3919
3738
4104
3300
3869
2937
4025
3068
3654
5249
1359
3542
5109
4432
3253
3090
4874
2329
4221
3757
3882
3234
3223
5068
2096
5149
5150
1781
3507
1673
3538
4155
3884
4367
5907
1268
2108
5121
4017
3721
3404
4661
4138
3914
5087
2690
1479
3529
3033
3199
3959
3467
2554
4173
4756
2013
2052
746
5978
4584
5254
1969
5274
3546
3940
2088
4887
3661
2494
2484
3666
4130
2804
1647
5155
2980
3552
2043
5177
4590
3192
2693
5241
3299
3799
2974
2835
3866
4081
673
3542
2826
2454
4093
3674
2331
2357
2835
2922
873
1370
3492
3823
4302
4351
4990
4644
2364
3268
2779
4069
2695
1044
2617
4179
2799
4959
2668
4317
3333
4112
3953
3886
4666
2517
3647
4481
2246
4050
3229
3652
1779
2916
4389
4152
2946
1928
4326
2626
1349
2934
4003
4289
2868
2901
2023
4642
4877
4091
3064
4107
3744
2296
1917
3892
4042
3191
2839
3191
3687
1916
4921
2599
3045
2759
4648
2732
2155
4581
4185
3838
1769
2522
3410
2807
5866
2476
3546
3957
4666
3212
1779
4181
3893
2286
4712
2676
4108
4351
5320
2828
2524
4140
4488
3883
3867
3138
3923
2609
4422
5138
4178
3378
4449
2833
4075
5754
3969
3564
3589
2211
4227
2722
765
3993
5214
1572
4032
5129
3131
1473
3519
3568
960
2709
2657
4339
3200
2404
3912
4151
4888
2650
1621
4277
2943
4583
4106
3698
2310
3164
3068
3298
1692
2399
3281
2413
3197
4632
4175
5456
3647
2606
3492
4719
3029
4282
3099
1298
4123
3442
4345
3262
3204
2838
2403
-23
3141
4698
3475
4028
4236
2583
2594
2918
5037
5573
3476
2164
3788
4194
4210
4024
1983
4033
1959
5615
3395
4570
4368
5439
3325
2051
4421
2850
2894
3190
4832
3647
3551
5342
4380
3176
3875
1799
2642
2461
2636
2716
2009
2542
4123
2346
4247
2501
3139
1449
2323
5636
2807
2159
1720
1866
2206
2730
4544
2571
2917
2354
3403
5623
3946
3223
2115
2207
4168
1024
2043
3444
4237
3920
3615
3636
4848
3222
3040
2935
3236
3438
2202
3865
2848
3894
4111
3271
3226
4585
2799
1742
5427
3917
3484
3797
3996
2267
3038
5243
3731
2592
2970
2657
3183
4481
2841
2745
2261
1880
4951
4288
3169
2925
3752
5097
5384
3751
2214
3845
3668
5621
2044
1121
3898
3174
3429
5127
2179
3806
5023
3809
3288
3534
695
3800
1768
2301
1825
3024
4243
2895
2865
2538
4112
4464
3211
2709
4194
1996
716
3555
5425
1355
5014
4688
4069
4532
1363
2247
3825
3302
4019
4282
2701
3242
3558
3489
5453
2841
2622
3928
3786
3041
3654
3594
2544
1522
1935
3086
4353
4690
3337
6033
1031
3152
4318
4563
3225
3136
3770
4644
3965
2853
-106
3815
3253
3840
4911
2576
3590
3827
3033
2890
4148
2853
3300
2520
3775
2535
4243
2649
1933
2761
2490
4771
4610
3253
3899
3615
3845
2944
3607
3081
1888
2334
2800
4153
4211
4943
3147
1108
3472
1879
3012
3537
1836
3402
2884
3422
1949
3224
1815
2507
1160
4188
3072
2999
3765
3330
4248
2037
2259
5279
3636
3530
1946
4959
4734
1341
3309
3835
2571
4295
4057
2771
3614
2928
4242
4969
4252
3201
3390
5722
3119
3076
6027
1792
3778
2327
1128
3742
2959
4323
2351
3904
3834
3057
2466
4395
4862
4397
6438
4212
3340
3354
3847
2389
1713
1524
5065
4451
3244
4495
3850
2458
3619
2269
3568
2785
2616
4548
4832
3616
3273
3663
1811
3147
3032
1927
3667
5813
2043
3470
932
715
3449
3813
853
2853
1948
1357
2776
1568
3019
5438
3087
4243
4063
2520
3218
2202
4320
3929
3300
3152
3951
4279
2367
3525
2351
4083
5375
4318
3029
3731
4380
3816
4229
5014
2297
3057
4300
3685
5375
1988
2633
6189
1523
5443
3319
5039
3483
3631
3241
4054
2483
1905
3200
5586
3928
873
3751
2622
4137
2249
2034
4663
2837
1242
5936
2933
4109
2619
3901
4042
4326
1579
4280
1969
5219
3286
3853
1425
2550
6382
1712
1604
4181
2107
964
2848
1792
4935
2947
2707
4215
4527
3756
423
1796
4104
3944
2931
2672
3768
1333
3901
2830
3802
3880
5414
3382
3345
2829
4214
3669
3552
3680
3314
2710
638
3760
4346
2425
1597
3719
3045
3323
3711
3293
5085
2937
4822
3191
2439
4033
3199
1770
4733
3651
3246
4780
3713
2430
2953
3662
1663
3637
2847
4683
3042
4214
4548
3047
4951
4812
2759
2847
2558
3908
2590
3890
2492
4026
3557
3722
1936
2128
2690
4559
3389
1811
4012
1961
2158
4375
3057
4399
2693
2171
1296
4204
4780
1851
4011
2605
3825
3007
3595
4982
4251
3397
3142
4405
4949
3978
3966
3016
4484
2336
3508
3212
3505
3582
2537
1530
3032
4094
5002
3075
4075
3061
3734
4143
3776
4738
2988
4353
4049
3509
5082
2756
3714
3860
4015
2995
3489
4984
2744
3722
5214
3799
4322
2604
4627
4199
4936
6006
2559
4078
2898
2520
3801
3749
3927
2856
3774
1882
1766
2959
4048
4512
2253
2985
4295
2860
3317
2322
463
4628
3439
2010
2489
3189
2658
2945
2353
4421
3097
2121
1593
5033
4122
2566
4362
3482
2789
4100
5059
5238
1983
3998
3921
4119
4783
3275
2513
4706
4493
3034
4148
1807
3030
2844
2252
2990
3049
4690
1597
2529
2998
2612
4859
4054
3565
3223
3220
2640
2072
4382
5202
4925
1056
3799
2666
2960
4362
2679
4401
1755
1394
2567
916
1865
4390
2217
3522
4796
4450
1712
3494
3444
3906
2849
2445
4483
5701
2976
2819
4615
2051
4493
3414
3887
3714
6041
3485
3722
3147
4285
3210
3012
4696
3130
4779
2234
2777
3929
3238
4415
2296
2715
4610
3850
2905
5364
1502
2353
4323
2794
3283
2716
2925
2097
2114
6131
3819
3397
5100
2317
2177
4149
4092
4925
4637
3812
4698
2774
3043
4988
2381
3176
4462
4098
3065
1456
3665
2002
2676
3740
4752
3054
3636
3946
3726
2800
2828
2891
3948
2636
5845
3272
2418
4617
2817
5544
1659
4701
3194
3286
2535
4444
2358
4086
3142
3985
3435
3768
3040
2543
3082
3615
3702
3546
3462
4662
4765
2878
3890
3999
3729
5242
4003
2424
1971
3734
4856
1691
3178
2803
4193
2441
3345
1431
3358
1419
3673
2427
4115
4042
4281
2840
2098
3839
1811
2302
3963
4261
3662
1266
6103
4688
3627
2119
2269
3345
3181
3304
1438
3568
3037
3294
3423
2463
2891
5992
3926
3238
4264
4902
2190
2486
3390
2450
4767
1821
5555
2082
2321
3468
1389
3024
5070
2161
3805
2901
2522
3016
4243
3662
3709
3689
3136
2138
3933
5408
5342
2902
3808
2897
3213
2595
3533
3009
1605
4338
3974
1348
4775
3224
1552
4280
5815
4608
1501
3291
3032
4487
3638
4256
4810
2163
4032
2368
4217
4130
2625
2155
2861
4708
4291
4897
5786
3965
2878
2079
4297
3443
4317
2688
2895
3230
3111
5102
3530
5509
2848
5095
2151
3168
4572
3362
1952
823
4202
2672
3683
1643
2807
3116
3706
3542
3808
3069
3686
4250
4565
2841
3537
4827
4563
2438
3788
3884
2808
4357
2895
3805
3739
3707
2500
376
4233
3910
4634
5300
4547
3697
5496
2128
4362
2551
2486
3836
3361
2773
2168
2990
2718
4805
3745
1949
3447
2596
1323
1731
2617
3632
2408
2196
3291
4310
2757
4072
3687
3559
1803
2882
2018
3618
3853
2907
3654
2904
5011
5312
3413
3871
3165
2266
4061
5540
2487
4416
3067
2221
4037
3896
2190
3666
3889
2548
3303
3962
2284
3923
3688
2664
1846
4583
3911
4019
3958
3765
3294
-356
3117
3940
3763
4348
5208
4121
2062
2004
5260
3505
2011
3205
3635
3497
4644
3057
4176
1725
4200
4427
3766
2296
3897
2422
2508
3355
3170
4898
2325
1671
5214
5105
3466
5119
2418
1120
4568
2704
4873
3990
4617
3564
3872
2481
2782
2279
4615
4259
1439
3948
4082
3685
3435
2096
1964
3149
2787
3105
5216
4011
2267
2989
3542
1886
5732
4142
3233
3542
3895
4473
4104
5310
4450
4815
2977
4494
3656
2721
4287
3690
2835
3870
4255
3231
3614
5301
3454
2250
4334
3326
4937
3778
2900
2785
4143
3191
4494
2363
3418
4866
2051
3298
4120
3002
4345
3894
1457
4492
4018
4132
1118
4202
4314
3418
3774
4995
4412
2302
4177
4107
1512
3834
3983
3030
3722
4000
3424
2608
3374
3769
2829
3433
2084
1832
4510
2708
3822
2088
4412
2926
3401
4574
2747
4092
434
2583
6350
3568
4279
2783
2956
2868
3215
4260
4068
1341
2576
931
4147
1653
4046
5018
4728
3380
4015
2524
4618
2031
4512
3435
3659
4000
4413
2620
3849
2939
3988
4188
3544
1802
5843
5242
2919
3702
1858
3738
2919
3841
3634
3365
2019
1749
3682
2460
3207
1458
4335
2499
3510
3925
4187
3021
750
4203
3978
2808
2497
1490
2643
3006
4229
4229
5087
4195
1785
4032
2577
3332
3209
2904
2262
4516
3662
4288
4424
1725
4862
3382
1588
2482
4016
1692
2586
3691
2262
2798
3209
4607
1460
4494
3541
3390
3671
3509
2023
1259
4999
1888
1760
4874
1998
4113
3834
3752
4694
1730
2898
5601
5031
1688
2880
3992
3742
2014
3325
3133
2883
3233
3608
3992
3968
4423
3696
3488
2036
687
2792
5651
3375
4212
2987
3394
1879
3702
3339
2611
3782
4269
4258
3812
7166
2173
4392
3065
5253
2655
1785
1456
1954
3314
4461
4500
2363
4042
4230
4661
5205
4999
5306
2476
2923
3163
3392
3853
3962
3136
2820
1326
4644
2106
2680
2810
972
2962
1570
3253
4696
4314
3295
3187
2744
5213
2040
3419
4193
2777
4358
2769
3873
3111
3156
4010
3892
4269
3444
537
1784
2289
3616
2583
1432
2945
4148
4329
4633
2406
4193
3837
2976
3052
1644
3727
4279
2202
3212
3554
4199
3939
3667
2783
4447
4588
2965
3531
3916
4017
3070
5975
3294
4440
3325
4050
3921
4343
4476
2490
4338
2601
2552
4605
2815
3263
3905
3362
3349
1762
2826
2163
2987
3892
2096
4065
2949
3212
4829
4837
4386
3798
3377
4301
2822
1612
4389
2834
3991
3606
2142
3854
2655
4051
3058
2306
2599
3523
2051
2808
2413
3010
2868
3558
1609
2674
5170
3949
2163
3322
4117
3380
3783
3613
3586
5665
3903
2305
3931
2649
1965
3879
3151
3562
5298
2706
4963
3516
3995
3976
3207
4870
5009
2604
2170
3236
5796
2806
3765
2887
5426
4078
2456
4577
4445
1569
4661
2105
2020
2005
4489
3806
1883
4258
3438
3825
2949
3559
3159
4715
2746
2748
4230
3465
4142
4375
1527
1291
4417
3842
3454
4009
4376
2299
5741
4784
4662
4735
2813
2948
3832
3730
1001
4985
2195
3335
1643
3817
2600
2635
3413
3415
3860
4529
3781
3661
3869
1871
1156
4637
3696
2829
2789
1516
1970
2967
4726
3394
6060
2784
3180
1919
3184
3903
4107
3187
3320
4695
4800
3103
5156
2593
3552
3553
3655
3833
4252
4267
3035
4846
5212
4309
3894
4814
5670
1565
2509
2734
2615
4343
1561
2967
4841
4174
5432
3112
3243
4323
3755
2423
1648
3904
2426
3854
3699
5562
2958
3132
3042
2842
2764
2068
3660
629
3719
2907
2640
4416
4559
2248
4356
3771
1323
1722
2861
2771
5743
3703
1930
3255
4746
2468
2654
1577
4018
3341
3650
4980
3838
2485
2392
3257
3208
2476
3546
2683
3764
2707
4045
3939
2370
2964
1495
4727
4606
4693
2765
5025
2828
4365
1863
6321
2751
4511
1856
2396
3241
3856
3543
4009
5136
2617
1354
4515
2103
2608
2120
4402
3301
4077
3659
2364
4437
4348
3162
2640
3122
3540
3476
2815
3578
3657
4055
3751
4370
4425
1849
4400
1710
3985
4704
2392
3794
4414
1880
3737
3130
4996
4633
3367
4696
3804
4703
3004
2385
2710
4281
2378
2900
3059
2760
4133
4375
1558
3630
3513
5306
3720
4878
4299
3615
3896
3463
3668
3165
3391
5037
3927
3738
4943
4729
2464
3493
1898
2631
2600
4474
3332
1241
4292
3327
3892
4094
2985
3794
1492
3492
4088
3874
2600
1096
4757
4391
3466
2039
2261
4067
4193
3141
3055
2185
4374
2630
4198
4378
4210
2639
3478
3004
2362
4117
3434
3504
2758
4040
3909
4582
2449
4764
3076
4617
2331
4456
4180
608
2112
4815
2666
3754
4556
2355
3742
4322
4327
2818
6630
3492
4564
4055
2473
5486
3454
3786
3675
3757
960
3583
3778
3162
5294
3128
3258
4675
3802
3167
2498
1434
3020
3951
2421
3287
4547
5258
3518
3836
2727
1774
4492
1597
3860
1253
4970
3190
4349
4558
4571
3257
3451
4716
4319
3860
2297
3808
4171
4284
2353
4142
2748
3639
2978
1919
3562
3528
2797
2666
1741
3011
2779
4542
2557
3285
3348
5990
2457
3694
3133
3772
5341
2199
2031
2613
4919
2461
2689
4310
1674
4046
2833
4562
1342
1432
4116
3022
2771
4990
4172
1055
4196
4738
3093
4378
3088
4331
3020
3113
3604
4171
4253
2848
3042
4393
5098
4308
3511
2126
4727
4471
5071
4711
1788
4557
2494
3716
3333
2920
3304
2059
2759
3553
4911
2690
3795
2633
3535
3395
3725
1468
4355
3639
5231
4036
4628
2386
3167
3448
3687
4522
3589
3801
3182
1974
2114
3733
1500
2901
2947
2902
2411
2583
2697
1884
3337
4895
4581
3952
2603
5088
3256
4434
3497
4941
4736
3966
3189
3796
2450
4653
2627
3961
2692
4026
2711
2904
3048
4304
4223
3922
1496
2936
3496
4261
3896
3579
1557
3228
2089
2700
4277
2452
3567
2840
3605
2740
4066
2442
3142
3084
4407
1685
2512
4370
2913
5079
4648
3477
3224
2973
3394
3684
2568
6162
5447
3900
2436
1778
3112
4315
3281
3034
2853
2130
1949
3478
4642
3331
3411
2613
2162
4146
4136
2184
2809
4429
4433
3668
3537
2325
2499
1361
4710
4068
549
4676
3044
3309
3808
4341
3035
1962
1026
4128
4811
1694
2567
4015
4075
2021
2284
2187
3975
1058
3518
2604
3566
3712
2799
4853
4830
3224
2433
5051
3524
3768
4517
2115
3794
5344
4618
3801
3502
4876
4033
2108
2492
1499
4630
3061
3384
3091
2460
3633
1416
3380
2442
5212
753
4083
5110
2559
4704
5308
2119
4465
1793
4211
3197
3476
4060
3550
4440
4431
4282
4369
4016
3084
1746
2781
5020
1648
2959
4677
4488
3432
4008
4513
3305
4545
443
4141
4483
4811
2821
3074
3453
3607
4700
3194
3634
2349
2456
5337
1537
3407
5067
4425
2979
1842
1910
3288
4175
4349
2878
2936
5267
2733
4082
3484
3371
3950
4028
3706
3218
4096
3239
3741
3822
2114
2312
3129
1048
5377
2056
3692
2722
2320
2322
2944
4506
1901
3737
3543
4111
261
4616
3073
1978
4031
4553
4100
3232
2601
4376
4101
6637
4466
4523
4395
2989
3008
3402
4987
3218
3516
3634
1679
5315
2205
2631
2363
2520
5710
2100
3439
4524
2722
4083
3711
3878
3248
3981
4151
3051
4224
2451
3915
1941
3446
-50
3203
3353
1960
5424
4643
2596
3447
3818
4220
2235
3715
4117
3983
2974
1964
2967
3831
3304
3712
1118
4096
3722
4927
3374
4698
3619
4107
3151
3535
4121
3442
441
2010
2925
2548
3611
3240
2767
4832
2640
4101
2577
3665
4208
2525
5851
4029
2934
2511
3964
3108
4051
2918
3453
4455
4669
3670
5463
3373
2801
3490
2757
2914
4644
2278
1624
3550
3906
4946
2639
2685
3575
2532
2100
1935
2837
1964
2567
1839
2118
1756
3386
3288
3063
3960
3353
4835
4588
1944
4408
4170
3163
4593
3840
4210
1848
5239
4892
5373
3155
5544
3933
2890
3250
3940
3578
3397
4940
2314
3022
2818
1237
2894
3702
2846
2874
3511
3046
615
4454
1594
4136
3695
4432
1424
3000
3927
4270
4125
4597
4615
3928
2533
5071
4719
4787
3197
1846
2802
2522
2583
921
3682
5150
2323
3418
4480
2669
3487
3005
5482
2722
6060
4377
4850
4839
3754
2747
2245
4488
2212
2972
1794
3361
2688
2711
2792
3052
1721
4114
1774
2669
4332
1405
3508
3219
4365
3520
5021
3094
2328
4147
4506
2753
3558
3686
3385
4781
3815
4207
2735
4140
2633
2774
1970
2237
4447
5009
4440
4509
3506
5121
4327
3533
2635
1451
2273
3248
2868
3305
2202
3352
2024
3865
2448
5423
4036
2149
3981
3771
3290
1874
1988
2801
2797
3690
3051
3767
4427
2082
5171
3039
2318
5080
1260
2175
3457
3521
2319
2326
2302
2292
2881
2382
2319
3656
2687
2749
1802
3604
2269
3721
3314
4922
4044
2903
2329
2715
3134
2222
3529
4934
3211
3430
3327
3610
5754
1547
1030
1431
4351
3612
4599
4333
3810
3002
2958
3742
2728
4927
4821
4789
5069
4056
2820
1995
3970
2895
4135
2550
1941
4520
5470
2497
3517
3310
2933
4155
2653
5190
2080
4291
2996
2891
4853
4166
4732
5443
1725
4109
2183
3664
2268
2244
3716
4332
3997
1826
1862
3453
548
4498
2982
2630
2941
3850
2811
4194
4654
4040
4434
3139
1872
2190
3739
3362
2562
3407
3638
2594
3717
5755
4613
4104
6026
13676
13064
11569
9716
11916
13583
15032
9885
14171
8028
13641
7496
13555
8668
7250
7047
11107
6609
8177
12696
4827
12324
8518
4371
11518
8573
9796
6371
8349
9564
4465
11181
9021
5151
12772
5656
4936
9840
6208
6974
8214
11670
10011
7116
9177
7524
8751
9057
7140
11587
7023
13351
9674
11799
7304
9763
8995
11577
12717
9557
6074
7130
11663
7564
11534
16896
11718
10020
12907
5401
8543
7825
5122
6234
7567
8636
5428
9613
7324
13058
4754
13082
13153
11088
13116
10638
11700
9610
9325
13717
11872
6639
9297
10926
10532
5945
12419
7844
7804
10442
7335
7508
10470
11683
10416
7977
7198
7540
7141
7024
10577
13166
13344
9589
12424
5717
8226
8951
6845
9375
8544
10145
10544
5729
12568
12511
11702
5412
12494
11767
10712
11381
13481
11666
6858
8540
8905
8048
9631
5998
8849
11303
10712
9633
6700
12201
8128
13287
17229
8223
7346
14496
6244
6887
6276
12926
9595
7978
9164
10237
6756
12592
9492
8142
10111
14348
4379
8810
10489
8855
9429
6827
4917
11112
11261
7622
8805
8545
13548
16587
9859
10066
8499
4708
12182
7029
9726
8352
8653
5678
9379
5669
9351
9362
12477
12665
6383
6951
6027
17026
6259
7068
9830
13823
11802
9610
11093
9286
6773
9728
9964
6630
7724
4161
10281
6869
8186
8020
18313
11265
6820
11339
8281
11119
7410
5521
7703
8499
7490
10784
9475
6693
8134
10238
11733
10696
9985
10089
13140
10710
6611
9079
8276
10512
16000
3398
8407
9521
7086
5811
8159
11303
12724
8779
8482
7744
8029
6462
13135
10606
6657
8421
11185
13034
10771
8255
6345
10432
12710
7053
7798
5197
4285
13596
7330
8561
10920
5945
9874
10743
6512
10308
7347
6429
10269
9995
8489
15139
5238
14118
8693
5025
11395
11137
8205
5329
6750
12049
9647
9396
13121
13286
12119
9971
12783
10772
9628
9258
11296
11055
15143
8354
9396
9035
5609
8126
10890
13173
7472
12504
8491
13095
7379
12024
6663
9783
8436
8761
9832
14471
9946
9468
13066
10231
9890
9219
5512
10777
13618
8199
11690
10946
8204
11369
12427
6933
7970
15614
11513
9647
11363
9656
8643
7955
11584
10293
8871
5229
5600
6244
13604
9599
7504
7727
11617
7911
10717
6433
12129
6582
6764
6768
7449
13115
8027
9244
10366
7844
8591
6676
12825
11822
4786
3988
9358
7185
9008
11486
5735
8408
7727
7537
12034
15395
12325
8019
8548
12313
9522
8574
9005
14371
8264
13684
8605
11582
12696
9922
7477
6720
7618
8799
10013
10899
9224
11681
9088
9868
12444
9418
7017
11507
13550
8778
11910
7746
8932
14549
9455
10947
8983
16386
10023
6543
10408
13741
8129
9273
12254
6961
6019
9781
11980
9367
5844
8048
10938
8700
9981
9297
8995
7885
7094
8214
7707
8936
13184
9412
8606
8855
9789
8988
7225
9393
9392
7188
7733
6163
8416
7968
7532
8344
14839
5631
8947
14153
6070
11542
4804
8556
10362
10350
11715
7956
7145
6347
5234
10572
8692
4986
5631
12196
8728
1151
13645
8237
6157
10703
7955
9510
5977
11114
6479
5952
11196
10458
8510
7718
4840
9046
6774
7739
10615
6222
6558
10401
9728
7872
9190
10059
10002
9649
9620
6276
10968
12419
8877
6024
11442
8331
8425
9825
9127
7303
8908
9985
5562
12754
4039
8098
8450
7322
9759
6440
10122
7147
10987
10816
15279
9150
10872
7482
8163
6832
11183
7503
8033
6752
8567
7380
6696
5432
9132
12817
8296
9543
12041
8457
9024
5996
9863
11144
9695
7808
7214
6732
12402
8760
10275
9958
6321
14231
5354
9131
11284
11818
5222
5742
9633
13176
7902
7764
5429
7870
9700
8516
10503
10886
9722
7307
9596
2366
8381
13728
6681
11624
12184
9704
10536
10249
11357
8511
9554
9848
8492
14267
8681
10935
10608
10903
7553
10838
10116
11677
9835
11393
7451
10732
13069
12238
8812
12926
10736
10459
9701
6032
6768
7247
8722
7964
10780
10341
11133
11871
8401
13371
11356
7173
6882
9387
9602
10542
8667
9612
10370
6831
6126
4149
11833
11097
7125
5830
7428
14676
10003
9194
11224
5324
9335
11942
13570
9175
7572
11179
11154
10313
8263
8100
10527
5904
12682
16668
18790
8397
13836
9267
6507
12680
9033
14189
8201
12840
13759
7253
6581
6512
8261
12375
6340
6502
7372
13177
7054
8348
7632
9977
5020
4396
6820
8197
8859
15151
14312
10380
10160
11598
8505
12637
9253
7954
8102
8119
9843
8465
8697
8539
11746
10295
6442
11356
7350
8711
8071
6701
5884
10536
10893
12225
6696
7340
8069
8264
7506
11365
8994
5908
12845
6766
7968
10997
9928
12829
6614
6752
9362
6977
7604
7167
15720
9537
5999
8410
6671
7135
8982
8454
6233
9020
11765
11085
9137
10438
11184
11915
9676
9309
8427
11522
13138
10716
11397
9089
8697
14932
7179
7454
9783
6321
7856
12932
8020
8224
6302
9168
6404
5150
12246
9375
8777
9798
9736
9202
10547
6530
11306
7894
11579
9401
8187
8075
6415
10378
10807
7014
7989
5716
13963
7248
8635
11447
7186
14212
10760
10241
11825
6644
9746
10629
7286
7876
11523
7469
9508
5307
11828
12753
8057
10828
8020
8492
11212
16022
8568
10178
9601
10142
9524
12372
12164
5665
9887
5916
9336
13444
14278
11122
10575
13278
18948
10395
6709
8941
12380
10416
6127
12032
10501
8718
12479
14118
4900
9229
5847
6325
6666
12889
10980
11355
10731
10633
8002
5895
9592
12405
8016
7766
10045
7631
6316
7316
8270
3330
14552
10094
7833
9989
8666
12750
14178
8607
8608
12556
9580
11343
4730
11266
10095
8951
9378
13105
13223
10258
12433
9816
10372
8105
7163
17100
8721
12908
11079
12236
9851
7091
7005
13130
9185
11856
2470
6946
10441
10857
10991
12695
8732
12264
9209
7944
9118
10674
9596
7604
7463
7069
11512
6467
6875
10323
9337
10132
9798
6178
9045
4307
10427
9076
8427
6242
10016
8639
10246
10050
5553
7476
7717
11058
12085
8303
9176
7198
6680
11036
10707
6303
8845
8543
10964
6507
9386
9078
6732
11717
10807
5330
6508
10417
7655
5390
11892
10948
16066
10005
6398
7044
11927
12151
9760
8036
11883
8580
8018
6773
6535
8616
4671
14572
10202
8780
5888
7637
5766
5703
4280
6994
6128
9038
6985
6063
11466
11697
9560
11451
10461
8144
10392
8075
6516
10987
6903
14028
4061
12102
10923
9566
8483
6247
6417
7415
10051
14029
9132
8016
6797
8472
5301
7401
8616
10618
11995
6985
9806
6864
10545
10163
10683
8848
8122
8101
8340
7265
10095
9557
6404
8488
11523
8645
10676
10847
4987
13830
13465
7412
6837
8997
9512
9615
6233
9057
6759
12386
8954
8066
9416
9547
5507
10661
6584
8665
11970
12353
12899
8235
6548
7455
8047
8267
14561
9178
9921
9031
13412
12741
11057
11188
8611
8806
8738
10296
9402
11176
7348
7657
12033
10421
11790
12000
12703
10452
7429
11403
6908
6229
7104
11600
7871
5990
6175
6606
11469
8085
15792
13912
7178
3453
7695
4003
8421
6935
6567
9920
5162
10185
8681
7401
9712
7594
15063
11444
8282
7245
10455
9350
8244
8914
5848
7191
8260
8404
7859
7829
8939
11755
6234
4833
7865
8426
18329
7544
8797
10920
12116
8051
6585
9871
11365
11164
9958
12812
8119
12636
5888
13480
12104
8302
6082
11968
6408
12904
10638
7042
8346
7646
5436
11217
5376
8280
9962
8298
8598
8316
9037
9842
9737
9231
10246
11923
10454
12864
8152
13727
8844
5222
13037
10453
10117
8298
11423
10125
9024
10537
8317
6506
8443
9678
9327
6565
9538
7614
11173
9433
7645
8096
7290
6175
11273
11579
6325
6437
8095
10750
9591
6882
4754
7643
6558
14982
9550
6999
8956
8773
5305
8319
10918
7330
5915
10520
14184
6966
9547
8624
5937
9707
7100
7045
16627
7229
10454
7463
7506
11109
9339
12424
7678
6009
9210
8419
12839
11419
7542
6926
6217
10277
11519
7981
6449
7957
9536
10895
11954
14427
14197
9707
8076
9616
10550
5975
9769
7277
9938
5881
6268
11211
13171
7536
11628
5804
6661
6711
10410
12261
6205
11219
12187
8999
12364
12110
4806
16386
3255
6451
9993
9239
7788
9656
3988
6878
8076
8160
10091
9614
13066
15537
6787
8944
7941
7374
8278
7275
7490
8461
7992
9419
13408
8692
10912
7141
12873
5357
9598
6896
7075
9919
6279
8809
13197
7939
5434
12226
10603
6756
8035
9388
12742
5832
5776
15596
11038
9230
12379
6482
14044
8612
5498
10570
11264
5731
9494
9839
7174
9013
11094
5649
10897
14475
11189
6201
4814
11460
6351
9612
8032
6551
8858
12553
9937
13780
10530
5333
5205
8878
17765
5241
6379
7029
7922
6702
9998
10115
14155
14040
10284
6681
13491
14617
9421
9366
9945
11096
8915
2600
6924
7914
10065
9120
8740
8144
12450
13507
10084
8496
13189
12566
5316
9349
9609
7203
8910
10989
8600
7285
14926
9855
6658
7613
9246
9421
10579
12307
11227
7720
15105
7216
9963
6722
9755
8362
11255
14792
9217
8682
7171
12674
12320
12174
7116
6422
12318
9766
11532
8362
7458
8061
7963
9279
8799
11315
7928
12292
9652
7146
8185
11199
11657
9447
7405
8699
7229
13791
4964
9014
8521
9201
6855
9116
14760
9513
12331
9057
11934
7366
11649
6721
7029
7648
4189
4317
8080
10144
4748
7947
11681
8168
8621
10882
9768
9729
5748
12142
7226
12082
9259
8072
9497
7952
6024
6573
8752
9025
9704
9565
8745
9360
11277
10989
11919
10640
7440
7622
14052
10643
5509
10921
6518
5509
13357
12173
8526
4833
6793
9349
9306
11137
8176
16986
7903
10827
5305
7120
7269
9938
8141
6236
6653
5674
10455
11148
7978
9392
5153
6435
7665
9772
8843
6675
3948
8792
7819
13063
8050
9850
9035
11794
8265
8379
11274
6533
8676
8010
4719
7901
10044
8159
6456
6245
7097
10888
13064
15285
7211
12374
13269
4749
10056
11561
2768
11108
20040
10272
6073
8281
15002
9858
10758
5692
7955
9033
11858
12385
8589
8796
7925
11424
8663
10293
8845
12405
8265
10863
16202
8530
8374
9527
11597
9349
9894
8451
7427
10852
4990
15050
8944
10974
5771
6809
8561
2831
13830
13000
10001
7111
12487
8677
7888
12308
9515
8945
11509
9584
3730
9408
6164
7700
6579
7699
10776
7652
9732
11660
8294
6082
7786
9631
11602
5627
13618
9717
13543
6997
7078
7735
8659
6568
9198
5954
8326
9701
9841
9380
12960
7922
5183
6701
8718
10897
12511
10741
14171
13393
7096
7215
13552
7600
7378
10416
13063
11182
9779
9537
12298
7254
5912
3913
8666
6002
12275
12235
10808
7291
12138
9198
8933
7912
12902
14216
7198
9368
8748
5751
8415
14955
8750
8114
11998
5370
8478
9198
8904
11480
8754
6536
13967
11459
10470
8344
10372
7432
11211
8117
10734
11270
13707
8011
10924
14811
11148
7912
11302
7752
9772
6739
9045
4357
15492
10335
8513
12873
9083
8241
8889
7938
6813
13357
10937
8565
12795
10123
12298
10393
6794
6331
8746
11103
12505
10597
10959
13834
8646
8756
5732
7847
11238
8836
6307
8480
10634
11002
9810
13235
7895
8435
5570
9521
13492
9523
13330
9539
7610
8290
11485
11428
8974
9638
14105
11444
5970
9440
7980
10658
7576
11912
10993
13425
5447
8904
10556
9924
7228
4292
7486
7976
6678
14209
7401
11596
13013
4653
11161
10477
11799
6333
5863
9799
9213
8509
8710
7684
14768
11175
10100
12497
6720
7467
9879
7022
8410
8424
9102
5027
8325
15347
9652
7584
10549
9609
9313
10728
11832
5765
10651
6884
11837
11790
9777
10980
6903
5734
9632
10671
10260
7282
8992
10201
11867
11432
7618
7433
9139
10385
6368
7452
6654
10386
6956
13903
6054
7040
11493
8909
11081
9092
9245
7966
9152
5622
8685
14482
5691
13135
12513
7913
9543
8536
10853
10176
9132
12161
5254
10457
7491
10829
9154
9987
8747
8614
10762
10066
8748
9083
7258
8894
11439
8023
6660
6153
12309
3226
6770
9426
12175
10091
6442
10868
7521
10091
10441
7749
11280
15629
9977
10298
9956
7095
7526
5695
8182
7278
6547
10584
6825
9441
6621
8088
6478
9803
9084
11687
11003
12115
11903
7853
7174
12793
5518
5284
9196
9067
9193
10354
11950
9465
8311
11554
14084
10716
10367
12695
11075
5787
10397
8345
14786
10188
8273
4982
7533
11286
7939
6349
7607
8307
12580
7231
6046
7015
12678
9300
4843
8245
11233
10781
4312
6596
8632
8748
14503
9221
3418
9278
10441
11741
8637
9621
5800
12059
10386
16080
9483
7239
7348
7269
7044
6447
11262
6018
5996
10705
5776
7236
5813
8464
11299
4923
8211
9030
9337
8927
12358
13130
7973
9418
10895
8546
8445
10119
7249
8106
10275
10091
8011
11066
8343
7424
9469
8823
13198
8019
11965
12020
13889
9088
8759
8067
7797
11568
7819
12263
11684
10222
10978
11157
8100
7772
9908
9576
8404
12433
10303
6428
12211
10067
6921
12251
9441
10854
7833
7560
8075
8523
13163
15937
12320
12159
10651
11381
9792
12469
8510
8833
9993
12394
11433
5097
10690
8094
10219
7286
8103
9968
8598
8845
7764
14562
11374
6431
7690
10820
7676
13243
6838
11323
6828
8990
6631
6984
7685
13183
8212
7910
7729
9879
5884
10774
9199
4741
8260
6974
8344
10387
11596
9362
8266
8714
11544
12579
11776
7841
10028
6252
9937
8263
12617
13615
8378
4893
8809
11020
8403
13042
9475
8694
9166
7476
8324
8231
16441
7636
5950
9093
7970
12415
8967
8864
10378
9656
4744
9494
12411
12031
7935
9008
5623
11416
8080
8664
12862
7027
10404
8922
12733
7888
6357
14171
8666
4972
10794
14493
8667
9268
10299
16211
8633
6860
7708
11207
7159
8396
12118
10648
8584
9310
10236
11338
6892
13205
9749
9187
9463
8543
12595
10847
9692
14533
5784
4479
8873
8550
8973
4423
11672
7641
13433
9348
7940
13706
10517
5115
6919
13301
9102
6946
9262
8826
11479
8008
12049
9456
11783
6964
6982
6580
5023
7706
5562
6739
11084
13490
8736
11082
9851
10572
7918
9119
2198
11732
9568
10335
7446
9061
5531
10347
10539
9409
10743
9901
9651
13095
8354
5300
9651
5677
8849
10949
9626
7358
8287
8439
3828
10421
7159
16739
8970
4985
9039
15196
9212
11236
10270
7382
7857
9433
11823
6031
19425
10823
9041
3786
5145
7819
9102
13504
6371
7166
9774
6455
6799
7639
6538
9020
8466
8847
7370
6124
10820
4451
5321
11466
8646
5724
14253
10816
9895
8174
9966
10781
8431
12047
12156
5566
7602
5853
9158
7332
8790
8766
13044
13354
10811
13221
10170
5284
7849
6400
16517
11286
6344
7812
9630
7640
12554
11271
7578
7036
6785
10639
6880
9080
7154
8948
9725
6239
5513
7863
8974
5192
9127
6540
11175
7864
8544
13539
8151
7976
9794
11603
10266
11117
10375
7088
11153
11578
9554
6195
8824
5534
7030
7779
14621
13359
5694
7451
8446
10031
10072
8331
7876
8683
10633
9014
4433
5996
10510
6419
7542
13053
8030
11816
7551
6252
7926
12713
8203
10301
8942
12541
11732
10858
6171
9474
8582
6441
7334
10819
3331
7434
10806
5066
13142
13159
11124
12987
11105
8602
9318
7539
8120
11327
6190
6948
12166
7454
11827
7639
3243
14115
11941
11286
7525
12234
8332
6837
8100
5042
10530
10585
7672
12962
8833
12342
6840
11326
3890
4792
8955
6935
8704
8822
10893
9915
7516
8569
6966
9622
9794
7930
7697
9039
8725
9003
9251
8388
6699
14606
15001
7938
12034
9016
9865
8544
5396
8024
5757
10084
11580
6551
8032
8451
10972
12647
9067
14020
9021
9661
12558
11408
6739
8797
8425
6882
7634
8251
8689
10649
8107
8424
7712
12000
12134
5858
13778
9348
9837
6601
8362
5911
11836
5089
7054
8027
7312
14070
11007
7027
13508
8332
5926
9823
12793
7135
9476
12066
10251
5911
6825
6766
12015
11045
10411
10738
5693
10145
4076
6864
6927
13425
5478
11716
10822
8533
11609
10490
10672
10629
6565
7239
10237
6580
14420
9060
11490
11461
11397
11679
8403
9721
6099
8030
10955
5421
10625
15103
11948
10484
7177
10166
7677
12759
10903
6229
10970
6657
13716
11789
9734
7014
9855
7281
13158
7810
9202
9604
9858
10669
6643
5193
8412
9397
9748
8027
7844
8492
9368
8791
5518
6133
9021
10495
10621
11175
7578
7141
5768
8217
8555
7458
6523
5497
10363
4625
15157
6667
8869
6818
12631
8797
10121
12606
6272
7458
9027
9897
11630
9558
8563
10180
9616
13596
9764
7617
8393
6731
7679
10834
9243
12079
6122
10977
5013
9224
8773
9696
12621
5155
8042
5727
8903
12722
8895
13867
6477
9808
9260
6777
11122
11099
9086
13424
10579
6954
5901
10961
9108
12852
6143
6722
14226
9307
7192
9182
10688
8436
11442
7943
5209
7643
9332
9442
11528
8094
9154
4644
6368
14073
13198
7774
6311
6590
8486
11944
9107
9068
15844
9588
10874
9775
9899
8267
8495
7734
5224
7118
8382
8580
13197
11965
6492
6996
12020
5366
13007
7521
9559
7950
8592
9233
8318
4998
4722
11077
6573
10050
12230
8695
9059
6893
11252
8792
6650
9049
17408
5704
10789
12247
9752
8813
8655
6512
5818
9805
9929
9576
11321
8145
11825
7873
11805
11452
9056
13191
3733
8967
8704
11495
13553
4293
9498
8500
6343
8041
10678
6643
10124
8004
12819
8096
12314
10513
8667
11057
11988
5275
8412
7408
6630
11150
10396
9982
3313
9058
8595
7131
8923
7218
13989
16770
7879
8224
13887
11870
11031
11794
11002
10616
9855
10030
12375
7319
8751
12323
14106
12231
5991
11510
7778
9718
10430
4035
7150
7124
11982
9574
8780
8573
6141
8017
10949
8908
6426
9426
6489
6085
5480
12823
9558
6870
10569
7930
9362
7286
4614
8327
13312
7441
3788
7537
11631
6303
6341
9092
11762
9125
7205
9423
7670
8534
13862
10281
8578
11323
9332
10506
8163
12282
6756
10465
3124
9494
4723
4487
5679
11387
6450
6563
9015
9286
12309
7407
9696
9077
14928
11246
9260
10301
8666
13964
10264
9593
9321
6498
7644
11835
5916
7406
8654
10637
5445
9137
11704
7998
7982
8893
9578
8463
10603
8152
6304
6070
8124
11081
9116
5639
12139
8390
6912
8627
11370
6425
4968
11418
9911
6195
8770
7015
7819
6155
8786
6581
14533
6266
7232
12297
12634
8650
5951
8864
10050
10342
3879
8117
11248
7685
9196
11868
9880
12152
10523
9137
9454
6628
8254
9792
6025
7007
7803
11350
12896
8750
12336
6162
10384
9523
11051
8078
10049
8041
12361
7731
9963
6337
7482
11337
8425
7121
9643
12729
9305
10555
9388
9268
8547
10135
9072
12557
10931
13817
9688
6365
9457
9253
10306
11610
10891
5733
13571
7541
10070
11704
10875
10328
8927
14290
8619
12484
10738
9793
11192
6191
4519
10714
7594
8434
10709
6966
14420
5939
13740
6801
11249
12021
9551
8952
13391
5361
7355
6631
7848
11614
13964
12449
9846
7673
12030
9446
11689
11638
9799
18851
7626
11725
10184
7899
11680
8729
10894
11911
4042
8309
9045
4261
9398
5380
10979
7406
8902
16202
11579
9690
8644
7291
4746
10302
11312
8837
5632
11200
5327
5760
9859
5405
6424
8756
9033
8018
12393
9704
4871
8770
9214
4484
6929
11259
9233
7982
10971
14103
13544
8067
7958
12835
6847
8605
10671
12169
11627
9203
16704
10369
13892
12174
9249
9508
10523
13517
9631
12903
10266
7434
16002
6784
7075
7043
10130
8447
6971
10098
6457
10406
6796
7250
9403
8229
8604
9928
3424
8755
7107
11084
12763
6713
8211
11543
7851
9639
8470
13259
9648
10223
9460
7044
7674
9392
13497
7743
11919
6955
9562
13591
10761
8819
11947
4225
5086
11093
5254
7466
9440
10629
11922
13740
6097
8958
9057
6944
9748
7670
8609
12096
9824
4268
5847
9456
5500
6155
6382
4966
9181
8040
10303
10658
8374
8884
5300
10567
7449
6960
6469
12731
7635
8693
15185
8095
13518
11534
7566
9416
10478
9521
6891
8886
6693
7042
10127
7012
4497
7918
4135
8233
7853
9731
7578
9697
13195
8208
9506
15038
10707
12787
7387
11065
8893
6861
9552
8678
7938
11807
10300
15702
7923
11319
10551
6116
9507
9151
6514
6877
7984
6091
7713
11549
8072
13684
7654
7670
10878
6857
8832
6194
12835
12785
11675
12744
8942
8704
10688
10471
10901
7538
5798
11937
9612
9994
6331
10672
8874
10102
8298
10587
10525
6096
7377
9313
8512
8853
7921
9104
8509
7327
12655
10293
9705
8347
9087
7849
10726
4896
9926
5140
9940
9519
10002
4210
7898
9101
5870
7008
6307
6480
6246
10120
9157
11674
11246
7434
10188
7343
9492
4569
10693
13016
4792
12821
9646
9535
7285
7940
8925
8793
4924
9254
6749
10325
7378
7776
12710
7555
9969
9746
8762
6495
10270
5020
12330
10981
9491
8181
9018
7576
10697
10192
11612
14616
11446
6375
6171
8056
10997
6992
8840
10616
12082
11415
7887
10637
10617
7172
8690
9296
11477
5796
8268
6412
8316
9072
7089
5327
9399
5714
12949
7722
9847
7522
16030
7602
9409
11181
12953
8709
8049
8138
13056
3568
9408
12073
9182
12002
4518
12639
10237
10867
11117
8852
6074
5858
9850
12213
7493
15043
5644
5991
7429
8306
11572
7307
12524
6345
9989
12156
5568
8611
8770
13256
9802
10384
4964
6647
8363
9648
6328
8375
8125
5798
10188
5276
9773
12796
8948
10170
6265
6959
11138
11412
11748
12306
8915
5487
8642
7100
6827
7619
9320
7841
8391
7127
11917
5871
4812
7760
12460
7827
11177
8490
8135
14145
11894
10668
8099
6459
9821
12968
7999
9446
9893
9404
6763
9698
9045
7857
8534
10897
3716
9557
6775
8554
8420
9735
11965
11252
11703
9590
7985
7548
6910
11052
7938
5057
8646
10176
8443
9679
11336
13138
6551
10794
8003
8462
7778
6313
10607
10247
8618
5220
4986
12236
7932
9587
7070
5079
6735
5484
13541
11127
10477
9064
8866
10200
7745
4503
9272
5800
16070
7318
8447
8129
11208
11378
10312
4998
2710
9553
13819
16533
10275
10378
8955
10191
9254
8137
7263
12876
10263
6721
5320
8984
10816
8736
7416
4278
11261
11033
11634
5992
6998
11921
11323
10033
6555
8627
10877
9567
14965
13006
7262
6238
9691
10194
6402
10603
7701
11100
7593
7429
18009
7938
6602
9338
12295
13577
3454
10370
11167
12404
10440
4908
11242
7567
7009
9276
10906
7373
8455
9453
9434
11568
7811
10517
12756
5824
11276
8988
9115
8289
14267
4288
11717
6436
8816
12810
13296
10839
8676
11155
9712
8957
13588
8572
13566
11738
11464
8855
6558
8288
8085
7772
7248
7942
8844
10736
7486
10703
9279
7475
10434
9769
11023
12733
3611
7981
12462
11323
9959
10316
8039
10366
6685
5833
6121
15250
6397
8028
12345
8782
11063
8062
7994
5995
8604
14536
11362
6232
9730
10764
8959
5490
3565
10217
10286
5850
12957
12943
12100
8534
5718
10362
8139
13103
5129
11741
11064
11663
8930
12811
10198
10440
9969
11067
8219
11058
8009
8258
12980
12432
7144
13168
9030
12059
7984
10605
10229
12402
8979
4935
16676
9904
12057
7751
7877
11911
3997
7192
8513
11919
6745
9261
9689
5265
6174
13519
8059
8247
9463
10143
6994
9747
8763
10669
8403
12000
7532
8876
10660
6480
13495
8199
12595
9323
7942
6408
15492
6541
7807
9802
12556
7757
9811
13254
14144
13024
14440
7648
9610
7400
8344
6689
6176
6022
8150
8608
8040
5912
4853
5135
9432
8301
16449
13572
10115
11262
14155
7314
17885
9159
11697
10719
6402
8999
14447
9180
11194
10925
9697
6703
6108
13123
7326
11061
14792
8188
6998
5444
9083
9491
6689
4990
6283
8566
7452
10595
12507
12181
11848
5828
7576
11113
8812
9340
5916
8167
7559
12445
9636
5525
9004
10675
11916
12322
6736
10163
12404
11038
9883
5922
7976
6243
7108
5825
6171
8660
10691
6407
4420
6673
7699
12136
5639
9246
10521
7037
8294
8635
8011
6048
13114
12106
9993
13576
8056
14434
12489
11475
12043
8423
3442
7397
8725
7921
10236
11874
9877
6750
16160
6690
7721
10074
9745
5272
2491
10604
4425
10385
9783
8322
6297
12262
8687
7440
7222
9674
11404
6660
6995
9454
2868
8518
10431
16006
11228
10260
12048
5503
12511
6434
3040
12151
11152
10273
10598
6528
9013
9263
14313
10443
7899
7784
6501
11497
8244
14518
3968
8076
9420
6465
5371
8823
13509
9497
6430
10323
10777
8166
11912
10883
9454
6925
10415
11750
11234
10413
12446
7696
10725
7954
10546
7731
10352
11900
12878
7026
6845
9536
5568
8909
13521
10005
10249
8211
12315
10151
8965
9616
3737
7315
9404
6762
8691
7562
10643
9802
4659
8750
6524
9355
11492
11456
14343
7862
12956
11642
9211
7842
12321
9677
8791
9197
5356
7738
7273
7733
11732
7078
10787
12137
4286
11785
12678
7616
6464
13935
9678
8168
9133
4834
4749
13582
8175
3816
10388
9269
11743
8913
6519
11617
12390
7756
9245
4963
8064
9045
7325
11797
11215
10075
10039
5218
6420
11016
9302
10102
9019
10072
11327
11602
9578
9107
8954
6554
6369
7238
8720
5132
9265
5448
8953
11687
2651
9824
10470
7271
13462
11429
9793
6019
8753
6670
7489
8575
9096
5933
9888
8879
6721
13112
6782
10785
11149
9421
9261
9158
6248
10122
8536
9507
12046
12038
9162
10591
12817
8285
845
3585
1109
-868
1154
-952
6085
-4662
-6635
-9256
-7277
-6638
-1619
277
-4437
-2254
-4659
-3273
-3248
-1032
-555
-1298
2840
-2746
-5791
-2631
-4550
-4277
-1945
2435
1340
-2168
-2704
396
3709
-2858
-169
221
-349
3216
574
1268
1653
2075
2671
5129
3218
5493
3786
8252
6531
2504
-74
954
-6182
787
-1421
-1366
11086
1040
-7641
8337
4643
5925
3283
3380
-1451
4812
-1639
4220
-3898
2277
2177
-4731
-2388
3174
7368
1368
-4953
2816
-6944
-5061
-4104
-6485
-5214
815
-4810
3111
-1366
1100
-5923
283
-7731
-1832
4064
-5829
-3585
-4638
-1940
-8931
-3141
1941
-1445
8506
3007
5112
2295
-840
1296
-7818
-12102
-301
123
1455
-1541
-4571
6401
1177
997
-2040
3268
-1091
8081
507
313
3875
-4055
-6290
-942
-2393
-5871
-210
-1898
-2281
-14114
-5097
-8332
-2054
-1126
-6360
-1006
-4691
-5051
-10097
-4082
-5593
-3219
-2849
1030
-1091
802
3316
-10598
4825
-58
5137
1888
-1565
-6619
-2431
-3240
8126
3633
1908
4010
-5521
-1383
-6820
1365
45
4650
5074
2703
-5128
6330
-7566
-3616
3188
4939
-4874
-1026
608
7746
1453
2384
3831
2271
2230
1071
2956
-157
3945
5219
-2028
3138
5304
6109
1614
-1713
4498
-6510
2174
2654
2250
4419
-256
-2778
-465
-6087
3766
-1680
-509
1432
-363
1728
-1097
1258
5770
5649
-1911
-3683
-5658
163
5445
-2509
5984
-3209
-6191
-4394
3783
1211
-5565
1954
1086
3136
1841
-2663
4192
3107
3822
-408
-1006
-1139
-828
-4032
406
-7245
1261
-4082
-3087
360
1284
1045
-3529
8490
-2357
1912
4711
-1099
-1503
1278
1283
-8462
1987
-151
487
-1050
-6994
-6603
5283
-61
1685
229
2846
185
-1571
1722
-308
-5155
1783
525
6751
-5625
3671
1966
1187
9211
-956
-2986
3333
-2557
4178
805
-5629
-3250
403
857
1903
-4975
3860
-6261
-5472
-4398
-2258
-7734
4075
4417
-6842
101
4080
775
-2925
-2748
8294
5661
6133
-425
-5848
-1989
-502
-3280
-5798
-6327
-8565
-1049
-7785
-3991
-8049
-10087
-3679
-754
-5992
2455
5054
4766
-297
2488
3456
-5515
-2329
-3054
282
1385
893
3037
-5802
3569
1410
-2547
4174
761
-5966
-3373
-5120
1264
-4041
-3948
1576
-2505
1438
-904
6759
231
2638
3462
4970
5926
5378
-5463
2337
-1669
-1535
4046
1988
-2221
-844
-959
-1305
5109
2165
-4423
-515
6008
4880
-5177
153
-2472
-1541
-2107
-972
-2484
4201
-6449
2525
-4579
2050
842
-884
105
5890
-3143
5990
-180
18
-6964
3541
805
-5267
-4369
-6510
8213
-1972
559
3666
2445
1592
3698
-2891
2990
2939
3900
2362
-4131
3375
11439
1124
-6259
-7151
6722
935
2774
-1491
-2071
-2476
-1636
1822
1385
-1533
5741
-8776
312
3205
776
70
-2268
2600
2657
-8753
8400
4570
5948
-8569
193
5212
3985
-5461
502
-39
-5597
-3741
-1095
382
-2852
-4710
2250
838
-2104
6515
1085
-1243
-5252
-1795
-2278
5216
1634
12239
2582
7138
5305
-7182
7716
2846
2798
-3083
-8133
2708
1193
1988
-7984
10051
-4598
5914
5325
-7774
-6231
1329
5174
-9918
4216
1570
7381
-4732
-10565
1341
4526
1360
-1246
-4733
-105
3140
-2483
-823
2817
1205
1772
3016
-3809
-240
83
3523
-1381
-1452
-20
4024
3897
3209
5250
2972
4186
1519
-563
-976
-794
21
1519
5092
-4098
4271
-9102
2848
-3819
-7802
947
-1317
515
4582
789
-5038
1011
8968
5025
335
3463
-4656
-7743
1296
-2660
3474
-3117
-6586
-213
5005
-2392
8511
2730
-176
2101
-4274
1269
2080
6511
1995
-3360
821
-108
1432
-1175
4073
-4315
3689
-3268
-2995
-661
4936
-3364
1685
542
1317
-3067
5844
-4907
1769
2240
6429
6091
-3375
592
5224
2351
7425
-4267
-4052
-4241
2735
1699
2159
6428
-1442
1777
-1890
1979
6352
2531
-3081
-879
-5688
-10890
5422
244
-1317
820
-453
-931
-1341
-1324
-7328
-283
5131
-4549
-562
181
504
-4129
9285
6552
-5872
-150
-3685
-5769
-4178
-5306
-4935
2814
-4621
-5383
-3998
-2373
2726
6788
-1316
-1552
3348
2938
809
-1652
4719
2675
1712
-2427
-4226
5163
-2263
1129
-3652
1966
-2617
1887
800
-3894
6565
2058
2026
3853
651
7149
-1011
-5510
1960
2433
-6228
2758
-1512
-3962
-1894
-8945
-1100
-3184
3069
-3357
-7602
3343
7091
5498
-3861
6292
6217
4894
-1665
-5718
-314
3579
-1791
-2047
6075
-436
-9764
7291
7920
-9719
2880
5728
5275
1656
6252
-3049
-1206
3709
2149
-4040
3588
8700
1893
-800
-1415
-5357
-2639
7584
-2620
418
-1947
-837
2264
2288
-1551
-4780
-6597
-5838
1150
2486
9025
1271
1216
1268
6501
-1474
3039
-4680
4370
-1318
7707
4
4502
624
-81
-5181
-107
2833
2173
1200
-1786
7156
-4208
3343
4714
914
-395
1790
-322
623
629
1841
-2859
-8878
-4857
-1311
1529
6967
4365
-11732
-7657
-3433
838
-4376
268
-312
11075
4244
-874
13134
-3714
-4290
8611
5254
1681
8333
1847
-921
4198
-699
5755
-1681
2119
195
1080
432
-1838
-7747
215
-1689
-2135
-9451
-4593
-1109
4078
-2972
5623
2423
-1207
-1593
8436
-1717
-4583
7535
5518
1531
4911
-4622
-4220
1633
-5925
3024
1202
-3320
989
1682
-3697
1619
3887
-1330
-5038
-908
-4761
1922
7383
-2309
8516
-2541
1072
4393
-3565
4960
-1026
-4414
-2821
-226
2276
362
-5072
-547
2361
-866
3781
-361
3894
-1047
9844
-1047
-2998
-5692
-4091
1773
-7602
-3516
-4866
-4562
1111
2631
6330
-2439
-1666
2163
548
5648
-5888
2149
-3346
-80
-2245
-2456
1447
3707
-65
-769
5571
544
1573
3250
169
5354
-3454
-4419
-4400
-3704
529
5385
6972
-1792
5552
-1296
2596
-1408
-8435
-4105
6166
-8222
1764
4400
5489
11706
1814
-490
6078
1864
432
3296
-1546
3667
-2284
5139
8068
839
-2677
-7980
321
1203
4306
595
-2685
-526
-616
1102
-438
3173
863
-2148
2449
-4036
-12797
-3285
-3420
-5811
-3075
-5723
2440
-1564
-149
-2980
-653
-4248
-3180
3657
5073
3026
173
181
10764
1229
-2273
-6314
-1539
-2485
11195
3136
-1182
-2514
2360
2903
5425
1224
-317
-859
1234
12215
5554
-5160
-7738
-4944
-3907
1636
-4118
-2880
-9674
-5812
-4487
-617
-5896
-2210
-1142
890
7689
