13.490000 
4.020000 
17.810000 
6.900000 
8.070000 
11.790000 
14.660000 
7.230000 
1.630000 
6.190000 
6.510000 
8.520000 
10.600000 
11.690000 
11.680000 
10.070000 
10.260000 
15.970000 
13.390000 
9.860000 
2.320000 
8.400000 
16.360000 
5.110000 
15.680000 
5.830000 
5.210000 
9.480000 
13.150000 
9.640000 
19.270000 
14.420000 
12.350000 
11.430000 
6.520000 
10.940000 
3.220000 
7.740000 
13.810000 
7.170000 
14.170000 
2.740000 
6.090000 
10.090000 
15.790000 
13.720000 
11.330000 
10.780000 
9.370000 
9.850000 
11.990000 
9.290000 
5.160000 
10.010000 
6.130000 
5.960000 
10.150000 
8.620000 
9.630000 
13.240000 
1.710000 
10.940000 
16.570000 
10.130000 
6.190000 
10.500000 
17.570000 
7.770000 
6.230000 
11.430000 
16.260000 
5.480000 
12.650000 
8.880000 
10.880000 
4.840000 
14.760000 
12.120000 
8.280000 
7.150000 
10.660000 
12.660000 
3.960000 
8.380000 
8.340000 
12.740000 
7.820000 
11.190000 
12.960000 
8.100000 
10.870000 
7.630000 
8.700000 
7.170000 
5.740000 
10.360000 
7.490000 
10.810000 
14.140000 
12.240000 
11.740000 
7.660000 
5.040000 
9.930000 
9.950000 
9.960000 
9.840000 
3.410000 
10.230000 
9.780000 
9.730000 
15.020000 
7.390000 
10.160000 
14.030000 
8.880000 
9.610000 
15.180000 
4.410000 
12.380000 
13.150000 
8.840000 
9.410000 
7.090000 
16.010000 
12.740000 
2.420000 
12.490000 
7.990000 
5.020000 
7.140000 
9.250000 
9.730000 
11.940000 
14.640000 
8.290000 
11.260000 
11.320000 
17.310000 
1.080000 
7.950000 
12.610000 
9.830000 
15.580000 
17.510000 
13.480000 
19.230000 
4.160000 
10.500000 
9.050000 
12.770000 
11.160000 
9.020000 
12.360000 
12.670000 
10.780000 
7.900000 
7.400000 
11.620000 
8.520000 
19.470000 
2.730000 
9.750000 
16.710000 
4.870000 
1.400000 
10.420000 
18.280000 
1.070000 
6.030000 
16.870000 
8.470000 
12.980000 
18.850000 
2.750000 
17.000000 
11.960000 
11.410000 
11.970000 
7.570000 
11.800000 
10.650000 
12.840000 
3.740000 
9.640000 
5.530000 
11.150000 
5.500000 
3.260000 
5.550000 
9.700000 
10.440000 
11.380000 
6.580000 
12.860000 
6.470000 
11.780000 
9.230000 
9.160000 
5.380000 
9.940000 
7.100000 
9.800000 
11.600000 
13.370000 
9.090000 
4.960000 
15.100000 
6.350000 
9.730000 
13.930000 
8.550000 
6.640000 
6.310000 
4.520000 
17.110000 
14.030000 
12.190000 
12.290000 
5.690000 
8.610000 
3.930000 
13.960000 
15.620000 
10.800000 
8.470000 
5.020000 
16.450000 
2.780000 
10.230000 
1.600000 
9.650000 
12.330000 
9.910000 
8.100000 
5.750000 
1.860000 
14.560000 
1.340000 
3.430000 
16.270000 
9.530000 
7.500000 
18.150000 
4.210000 
7.700000 
15.410000 
7.480000 
8.190000 
1.550000 
6.570000 
8.190000 
5.910000 
12.270000 
10.080000 
3.730000 
11.860000 
11.070000 
14.080000 
13.840000 
12.530000 
6.890000 
11.510000 
8.860000 
14.180000 
9.820000 
7.690000 
11.560000 
6.520000 
10.490000 
8.390000 
5.490000 
19.640000 
9.630000 
14.360000 
7.410000 
9.960000 
5.790000 
15.430000 
6.480000 
5.820000 
8.160000 
9.100000 
7.460000 
4.020000 
10.360000 
11.410000 
6.770000 
9.320000 
16.270000 
3.950000 
8.880000 
11.000000 
12.400000 
14.940000 
6.110000 
2.290000 
12.180000 
2.910000 
11.970000 
2.400000 
12.800000 
2.560000 
7.120000 
15.110000 
13.470000 
4.600000 
7.360000 
10.040000 
6.890000 
11.470000 
5.690000 
3.610000 
3.550000 
17.310000 
12.620000 
7.190000 
14.890000 
10.590000 
12.120000 
7.270000 
12.090000 
4.790000 
8.770000 
17.490000 
16.210000 
13.350000 
11.510000 
4.170000 
17.710000 
5.020000 
13.000000 
9.900000 
17.410000 
11.080000 
4.170000 
18.270000 
14.480000 
9.890000 
12.090000 
8.300000 
0.370000 
6.490000 
19.030000 
5.260000 
9.240000 
11.720000 
18.170000 
11.960000 
2.600000 
5.630000 
11.750000 
10.520000 
15.090000 
10.540000 
16.090000 
9.680000 
3.830000 
17.450000 
15.120000 
18.060000 
14.110000 
10.670000 
12.250000 
7.090000 
7.180000 
8.080000 
10.160000 
7.060000 
3.790000 
12.650000 
10.310000 
12.490000 
17.180000 
15.040000 
8.110000 
6.760000 
2.090000 
7.410000 
3.190000 
7.240000 
8.600000 
9.890000 
5.370000 
3.150000 
10.230000 
4.370000 
13.380000 
12.190000 
5.440000 
8.690000 
2.390000 
0.780000 
4.400000 
13.450000 
5.720000 
6.690000 
15.740000 
7.750000 
3.230000 
14.740000 
10.180000 
4.530000 
5.380000 
14.140000 
9.010000 
14.720000 
16.840000 
17.160000 
11.330000 
7.200000 
7.560000 
2.620000 
4.270000 
16.000000 
12.630000 
9.960000 
7.820000 
11.820000 
7.850000 
12.010000 
5.820000 
5.460000 
8.750000 
12.860000 
11.620000 
7.680000 
16.350000 
9.110000 
3.630000 
14.220000 
6.930000 
14.590000 
11.760000 
7.940000 
9.070000 
14.040000 
12.170000 
17.790000 
2.190000 
7.810000 
8.460000 
8.520000 
12.720000 
9.280000 
4.710000 
7.320000 
13.240000 
7.330000 
9.770000 
9.130000 
5.080000 
1.440000 
10.490000 
11.530000 
11.970000 
4.170000 
13.460000 
16.970000 
9.440000 
14.740000 
6.770000 
4.710000 
2.440000 
4.530000 
2.670000 
2.260000 
9.380000 
10.680000 
17.630000 
4.140000 
5.030000 
14.720000 
2.680000 
9.540000 
13.110000 
3.800000 
8.950000 
4.170000 
6.860000 
10.090000 
15.720000 
1.820000 
9.260000 
10.480000 
4.250000 
10.660000 
12.110000 
12.210000 
8.310000 
15.640000 
8.670000 
6.300000 
13.410000 
8.020000 
10.240000 
5.530000 
10.990000 
9.870000 
5.750000 
2.530000 
14.750000 
13.710000 
12.330000 
6.930000 
10.880000 
10.000000 
5.570000 
8.100000 
6.780000 
6.890000 
5.480000 
5.330000 
5.950000 
8.430000 
3.650000 
13.780000 
2.620000 
16.590000 
16.970000 
4.490000 
8.500000 
4.960000 
11.640000 
1.890000 
14.110000 
11.350000 
9.220000 
13.190000 
15.540000 
14.780000 
11.530000 
15.760000 
9.830000 
14.090000 
8.010000 
5.790000 
12.260000 
10.420000 
6.880000 
8.730000 
2.580000 
16.500000 
6.500000 
9.480000 
10.080000 
4.500000 
12.410000 
18.300000 
12.740000 
2.380000 
1.940000 
13.930000 
12.410000 
13.900000 
14.330000 
4.210000 
4.770000 
3.480000 
2.180000 
10.780000 
9.730000 
2.410000 
5.430000 
11.160000 
1.530000 
9.860000 
13.660000 
4.980000 
8.330000 
5.880000 
1.520000 
14.570000 
10.760000 
7.960000 
9.560000 
9.640000 
15.380000 
16.270000 
13.470000 
14.030000 
10.110000 
4.830000 
4.820000 
12.650000 
7.750000 
11.410000 
4.370000 
5.980000 
13.650000 
11.630000 
15.670000 
8.540000 
4.700000 
9.110000 
3.880000 
7.220000 
13.850000 
10.920000 
10.880000 
8.190000 
10.610000 
3.840000 
8.620000 
15.240000 
13.390000 
12.330000 
16.680000 
5.250000 
16.820000 
9.250000 
9.390000 
10.970000 
14.890000 
14.660000 
13.350000 
15.870000 
15.230000 
6.450000 
5.410000 
12.970000 
9.000000 
4.600000 
12.490000 
5.130000 
11.570000 
7.260000 
10.220000 
10.090000 
10.780000 
4.870000 
5.920000 
14.450000 
11.350000 
10.120000 
10.340000 
6.550000 
10.230000 
12.220000 
9.840000 
5.760000 
6.310000 
14.330000 
7.350000 
10.730000 
14.220000 
5.610000 
12.980000 
11.100000 
10.190000 
5.670000 
5.080000 
7.900000 
13.670000 
9.590000 
11.530000 
10.760000 
11.450000 
3.900000 
8.540000 
10.580000 
10.970000 
3.950000 
8.050000 
17.460000 
16.700000 
6.840000 
5.790000 
5.800000 
10.330000 
13.330000 
14.110000 
10.610000 
6.500000 
12.380000 
7.610000 
13.310000 
11.270000 
9.150000 
16.100000 
15.860000 
10.330000 
12.660000 
11.670000 
8.120000 
6.640000 
13.070000 
3.260000 
4.090000 
10.110000 
16.080000 
17.550000 
12.520000 
8.410000 
8.090000 
11.200000 
8.560000 
11.230000 
14.440000 
9.450000 
1.880000 
11.130000 
13.660000 
13.790000 
16.900000 
14.660000 
14.290000 
7.380000 
8.700000 
3.180000 
5.980000 
15.830000 
5.360000 
6.370000 
6.390000 
3.530000 
7.070000 
10.780000 
4.550000 
6.570000 
13.040000 
16.340000 
8.520000 
10.620000 
13.680000 
7.110000 
4.890000 
16.960000 
13.740000 
8.780000 
8.060000 
10.450000 
8.990000 
9.340000 
11.200000 
3.930000 
6.410000 
8.080000 
10.920000 
6.860000 
11.540000 
3.150000 
9.860000 
9.940000 
9.440000 
5.980000 
11.190000 
18.230000 
17.480000 
6.650000 
8.230000 
7.290000 
10.880000 
8.940000 
18.250000 
11.810000 
13.250000 
13.380000 
8.900000 
6.940000 
7.430000 
13.890000 
8.170000 
13.270000 
8.370000 
9.370000 
6.270000 
16.530000 
13.220000 
11.720000 
7.820000 
3.290000 
11.120000 
15.960000 
14.560000 
8.510000 
13.290000 
9.890000 
8.300000 
14.120000 
9.740000 
10.190000 
8.220000 
15.920000 
5.530000 
6.000000 
12.310000 
9.870000 
12.040000 
5.870000 
10.040000 
5.050000 
10.240000 
10.430000 
4.530000 
10.060000 
9.600000 
8.650000 
12.240000 
15.890000 
12.120000 
7.480000 
13.540000 
6.900000 
12.800000 
11.800000 
6.150000 
16.970000 
14.440000 
3.440000 
16.720000 
11.810000 
6.580000 
17.300000 
6.410000 
13.640000 
7.970000 
6.310000 
10.060000 
15.820000 
