0.107062
0.042059
0.094602
0.077552
0.089945
0.097103
0.140213
0.114400
0.090599
0.114456
0.124660
0.056450
0.129487
0.112008
0.164960
0.112589
0.101346
0.094752
0.076718
0.111047
0.090773
0.181955
0.105294
0.107831
0.071070
0.064364
0.135204
0.107261
0.106235
0.128604
0.121083
0.094558
0.139176
0.091756
0.158796
0.099417
0.128513
0.085850
0.088215
0.102391
0.050580
0.096694
0.137857
0.093379
0.078971
0.124277
0.068304
0.036720
0.171026
0.069052
0.121958
0.146602
0.154637
0.130613
0.138812
0.113888
0.113215
0.134290
0.026771
0.061045
0.122284
0.108266
0.122479
0.062797
0.046179
0.136107
0.092067
0.109534
0.055297
0.062432
0.090492
0.076113
0.128281
0.110971
0.152785
0.112802
0.060661
0.071927
0.159556
0.142133
0.064952
0.155872
0.097990
0.041531
0.148981
0.036869
0.154445
0.053101
0.096092
0.137599
0.102741
0.116231
0.081997
0.142151
0.043366
0.102834
0.097722
0.031656
0.096454
0.104095
0.103968
0.073662
0.116618
0.133722
0.099079
0.103597
0.077177
0.078615
0.083198
0.082071
0.120813
0.145347
0.155050
0.080702
0.107205
0.118527
0.114102
0.051106
0.073957
0.082135
0.104331
0.122106
0.115955
0.169490
0.096257
0.163666
0.113738
0.101268
0.042486
0.057650
0.103253
0.077869
0.125821
0.111767
0.051704
0.021487
0.112627
0.059377
0.096694
0.103417
0.049223
0.102765
0.113820
0.107655
0.121664
0.137590
0.126864
0.069501
0.180543
0.088425
0.152229
0.096722
0.078796
0.072835
0.139860
0.204957
0.129741
0.090817
0.099396
0.099433
0.039686
0.118781
0.144068
0.093826
0.100048
0.060432
0.110422
0.099463
0.064417
0.150384
0.154618
0.106164
0.064245
0.125624
0.082357
0.124985
0.127321
0.074558
0.066187
0.140172
0.109768
0.120260
0.103279
0.158279
0.093020
0.108533
0.116161
0.112749
0.058348
0.102369
0.147842
0.111055
0.105684
0.125088
0.109231
0.079549
0.092677
0.147646
0.098252
0.178086
0.159552
0.155769
0.119978
0.034180
0.070335
0.094310
0.150059
0.143056
0.139006
0.075971
0.085861
0.126822
0.129478
0.110690
0.082148
0.118714
0.102427
0.064309
0.055965
0.148158
0.128392
0.139301
0.121995
0.142330
0.116910
0.128761
0.155152
0.129546
0.072629
0.100983
0.101577
0.092141
0.068835
0.089689
0.093798
0.146815
0.047357
0.177312
0.131402
0.107226
0.111537
0.108954
0.106588
0.130828
0.061742
0.054182
0.107527
0.130392
0.131197
0.119681
0.106058
0.111277
0.136293
0.167663
0.083286
0.060836
0.108447
0.090882
0.131725
0.100234
0.146083
0.066876
0.141571
0.034301
0.083682
0.090325
0.088552
0.087089
0.089293
0.078896
0.121143
0.080482
0.164814
0.142004
0.104717
0.096227
0.069283
0.058381
0.120125
0.093997
0.050294
0.051508
0.118789
0.108489
0.087718
0.066027
0.125131
0.083675
0.155935
0.063012
0.152544
0.045412
0.100408
0.100241
0.135573
0.089775
0.085839
0.188210
0.125107
0.117823
0.112449
0.117629
0.116727
0.150628
0.152522
0.119948
0.128245
0.184347
0.142239
0.064113
0.121224
0.119641
0.085108
0.114594
0.115027
0.107655
0.088255
0.145440
0.104096
0.093341
0.067607
0.137411
0.115283
0.189768
0.128997
0.096691
0.147533
0.081160
0.099244
0.165000
0.066095
0.112440
0.174183
0.129922
0.120527
0.092005
0.114585
0.127137
0.056844
0.130450
0.137065
0.124661
0.089678
0.087817
0.070706
0.129740
0.095641
0.085230
0.085780
0.131424
0.071965
0.101589
0.070013
0.095385
0.121501
0.176389
0.105886
0.113566
0.129384
0.103818
0.096996
0.117478
0.053183
0.109148
0.131638
0.129254
0.138949
0.077182
0.113998
0.126525
0.138779
0.077080
0.079370
0.157374
0.030332
0.086023
0.092988
0.110295
0.130762
0.121350
0.094808
0.142765
0.048622
0.102051
0.105321
0.083075
0.075382
0.076162
0.079119
0.113205
0.111860
0.076262
0.044465
0.095682
0.118990
0.125250
0.092637
0.095965
0.117617
0.088790
0.126233
0.067217
0.142916
0.111106
0.160008
0.138249
0.120979
0.079723
0.077571
0.106090
0.113556
0.096832
0.073439
0.099059
0.040827
0.046674
0.103900
0.051572
0.059829
0.091124
0.092075
0.066212
0.129704
0.113086
0.135868
0.106254
0.096203
0.104421
0.113652
0.069249
0.067878
0.065502
0.070626
0.109179
0.134891
0.121795
0.116740
0.055633
0.131855
0.131302
0.157222
0.091270
0.077585
0.125583
0.042614
0.084062
0.120416
0.056182
0.101907
0.109495
0.075335
0.146918
0.141645
0.117109
0.077785
0.073004
0.144848
0.064570
0.067296
0.084998
0.094371
0.097061
0.076217
0.080152
0.102830
0.096864
0.128914
0.068196
0.107996
0.110087
0.037155
0.075645
0.051569
0.115058
0.162715
0.114018
0.086110
0.061229
0.143589
0.050433
0.137711
0.076962
0.124869
0.097262
0.121123
0.091533
0.087826
0.152162
0.069423
0.097726
0.090887
0.163612
0.140056
0.082712
0.136346
0.043373
0.093917
0.085683
0.146855
0.070256
0.084556
0.136672
0.080370
0.133651
0.041456
0.067085
0.104102
0.061751
0.053093
0.041823
0.241305
0.141664
0.116210
0.171318
0.121110
0.143791
0.106567
0.080300
0.138934
0.082893
0.047222
0.068685
0.140951
0.088931
0.107201
0.065854
0.084631
0.114154
0.074138
0.132073
0.124643
0.094708
0.066668
0.078214
0.119367
0.054433
0.081379
0.083757
0.105719
0.086988
0.181136
0.100416
0.095018
0.106942
0.069175
0.073516
0.092534
0.098191
0.120438
0.103157
0.167581
0.051459
0.095687
0.083209
0.084886
0.103062
0.142045
0.115235
0.090632
0.095236
0.117914
0.082450
0.050640
0.086486
0.106304
0.104887
0.130712
0.131903
0.110245
0.157392
0.078612
0.104733
0.089151
0.103834
0.093194
0.138921
0.103661
0.116281
0.113294
0.131717
0.061467
0.070166
0.080233
0.081308
0.144183
0.079734
0.106401
0.108357
0.088677
0.058175
0.125594
0.116522
0.145433
0.124634
0.042989
0.062447
0.116648
0.100705
0.101580
0.075800
0.121286
0.060157
0.133126
0.089211
0.117665
0.053232
0.077635
0.115856
0.122492
0.099995
0.071344
0.096339
0.126129
0.066865
0.122448
0.100315
0.147412
0.070777
0.101464
0.112673
0.081710
0.161635
0.077233
0.127821
0.118019
0.130721
0.132155
0.125602
0.075416
0.138677
0.166030
0.133541
0.068981
0.105968
0.129755
0.067299
0.132572
0.039368
0.086605
0.113582
0.109850
0.067321
0.095710
0.045352
0.090820
0.102065
0.075304
0.090191
0.069109
0.060558
0.130933
0.074076
0.088564
0.116853
0.082021
0.129784
0.110376
0.157200
0.132016
0.073216
0.103788
0.127625
0.075272
0.097227
0.061105
0.047534
0.081699
0.153054
0.079863
0.151831
0.076993
0.092925
0.122769
0.088052
0.139250
0.063145
0.093020
0.114226
0.058634
0.140701
0.016760
0.084616
0.169503
0.035513
0.041235
0.115649
0.104206
0.115820
0.069429
0.031171
0.082037
0.069051
0.091592
0.115710
0.175208
0.110408
0.083729
0.088014
0.105064
0.146879
0.073001
0.083428
0.104560
0.162020
0.101642
0.093529
0.081395
0.131119
0.110353
0.086978
0.130254
0.068157
0.098080
0.095514
0.109621
0.030937
0.112571
0.126586
0.133419
0.113058
0.136082
0.102429
0.077085
0.109731
0.126105
0.101933
0.150043
0.087307
0.052960
0.118073
0.135755
0.078618
0.142835
0.122170
0.153213
0.090456
0.086030
0.091022
0.108361
0.107569
0.135416
0.104042
0.103826
0.101087
0.166210
0.094472
0.060113
0.099641
0.124835
0.141667
0.119673
0.100116
0.097760
0.057747
0.063846
0.106712
0.116118
0.196634
0.157361
0.097493
0.124548
0.082399
0.076876
0.104954
0.083019
0.078461
0.136164
0.089301
0.154886
0.079746
0.105040
0.176423
0.125170
0.101852
0.153352
0.101221
0.073826
0.075065
0.109168
0.123794
0.123244
0.106091
0.125229
0.087496
0.139238
0.052804
0.139659
0.124031
0.098207
0.104587
0.085063
0.105746
0.134852
0.143779
0.130991
0.166975
0.103572
0.111457
0.042491
0.128761
0.033603
0.129512
0.093250
0.157020
0.110172
0.051742
0.098819
0.092681
0.115925
0.087749
0.046364
0.110726
0.128514
0.033416
0.130822
0.165517
0.135054
0.137145
0.102090
0.096668
0.042171
0.113028
0.119113
0.026178
0.172332
0.132916
0.096358
0.120081
0.083439
0.049361
0.107937
0.060548
0.118486
0.055540
0.121288
0.089732
0.040581
0.034875
0.080062
0.144575
0.082297
0.077559
0.191572
0.120289
0.087647
0.094938
0.092755
0.044444
0.103487
0.104798
0.114112
0.078276
0.099930
0.132971
0.094881
0.110963
0.080570
0.127272
0.178934
0.080346
0.138702
0.082351
0.078930
0.112217
0.075462
0.128908
0.131078
0.126457
0.014173
0.093268
0.122553
0.099162
0.091336
0.143734
0.130136
0.155756
0.157721
0.054402
0.042638
0.093457
0.097440
0.141215
0.101410
0.096779
0.095645
0.006685
0.111836
0.154772
0.098770
0.069658
0.095967
0.085388
0.105229
0.128678
0.134120
0.112842
0.087492
0.061866
0.127726
0.112263
0.098452
0.082730
0.116495
0.140574
0.090008
0.134297
0.036666
0.122862
0.069561
0.114868
0.064778
0.156496
0.063200
0.164396
0.178901
0.110807
0.076836
0.094448
0.088774
0.046128
0.089223
0.144305
0.147148
0.063276
0.140470
0.126696
0.070017
0.133647
0.060123
0.158329
0.187022
0.118492
0.082160
0.113754
0.088026
0.096693
0.037538
0.153331
0.083192
0.045118
0.070661
0.109294
0.131392
0.070459
0.072176
0.129039
0.112794
0.096754
0.052059
0.135121
0.093314
0.079053
0.062338
0.098139
0.125108
0.056150
0.091709
0.158240
0.114202
0.146678
0.102771
0.090553
0.040722
0.140006
0.066979
0.068934
0.093213
0.092861
0.163788
0.185532
0.163988
0.089656
0.079069
0.202616
0.069358
0.101298
0.077973
0.124206
0.095464
0.139601
0.065607
0.084351
0.140864
0.083675
0.090080
0.109402
0.102789
0.134195
0.115178
0.091477
0.136474
0.109782
0.071774
0.107842
0.096990
0.162824
0.143736
0.090759
0.058193
0.051228
0.134918
0.087808
0.123221
0.092327
0.087203
0.060337
0.137076
0.109364
0.076753
0.117746
0.123324
0.027392
0.097015
0.093686
0.092599
0.090584
0.060057
0.153187
0.152762
0.070527
0.135491
0.084229
0.096758
0.120795
0.088940
0.120258
0.120762
0.006803
0.109970
0.108510
0.112813
0.027127
0.103680
0.093055
0.089201
0.153661
0.104613
0.124913
0.098101
0.104975
0.121081
0.066634
0.048276
0.115698
0.115576
0.145714
0.093025
0.110984
0.120039
0.135889
0.118804
0.070040
0.040772
0.105021
0.122766
0.076129
0.085390
0.087115
0.070824
0.098411
0.092361
0.103907
0.098146
0.087376
0.159204
0.118743
0.139170
0.084009
0.057089
0.116590
0.091775
0.137153
0.058944
0.117274
0.119187
0.033305
0.069342
0.107540
0.132354
0.084616
0.142539
0.056956
0.077531
0.086963
0.141210
0.089678
0.116349
0.088115
0.103587
0.084321
0.098271
0.072635
0.133949
0.037364
0.092883
0.146092
0.063215
0.086663
0.040745
0.152543
0.066554
0.094515
0.165938
0.081008
0.116674
0.120325
0.129021
0.085142
0.084691
0.094546
0.106003
0.065054
0.124911
0.069310
0.131391
0.069699
0.101560
0.109667
0.137171
0.129900
0.109165
0.150848
0.098160
0.125128
0.228378
0.070551
0.147397
0.094188
0.099426
0.105785
0.085153
0.076685
0.087430
0.054318
0.112502
0.116418
0.185711
0.057023
0.027974
0.112515
0.099704
0.028945
0.082084
0.164142
0.093426
0.136322
0.099319
0.060162
0.091823
0.165130
0.051849
0.075647
0.147374
0.052900
0.093487
0.100978
0.066850
0.119896
0.102895
0.084248
0.185817
0.080784
0.051070
0.137879
0.114629
0.056891
0.148651
0.141212
0.058423
0.085676
0.079674
0.077698
0.117458
0.150508
0.052696
0.150458
0.084580
0.124692
0.170858
0.052828
0.107967
0.075197
0.143450
0.112772
0.104900
0.117957
0.085360
0.112749
0.088815
0.127712
0.169045
0.062861
0.102869
0.105164
0.130435
0.116504
0.097533
0.112027
0.131429
0.088751
0.131320
0.071177
0.088886
0.123814
0.146429
0.089923
0.156277
0.136110
0.046042
0.074080
0.135182
0.121156
0.139160
0.101477
0.106826
0.068941
0.138276
0.158183
0.118184
0.097972
0.112921
0.114212
0.124605
0.156375
0.123206
0.098558
0.121293
0.110623
0.060374
0.117169
0.108138
0.075505
0.131231
0.146720
0.117469
0.107728
0.135631
0.073281
0.096592
0.104649
0.101230
0.140522
0.130738
0.115215
0.147067
0.091336
0.127941
0.065601
0.149227
0.116294
0.110122
0.102442
0.095667
0.077362
0.116313
0.161281
0.072102
0.097343
0.104129
0.133713
0.121204
0.074634
0.031793
0.154661
0.150242
0.068997
0.086843
0.100237
0.113881
0.074584
0.103649
0.130497
0.074321
0.119599
0.114089
0.125259
0.100693
0.118068
0.089635
0.122846
0.093624
0.111525
0.160176
0.041459
0.108104
0.155906
0.135250
0.099271
0.094294
0.148757
0.071072
0.128808
0.114666
0.118464
0.098693
0.098370
0.154664
0.063979
0.157133
0.157163
0.054350
0.107027
0.051068
0.107971
0.126788
0.118522
0.133279
0.180259
0.038699
0.064317
0.156293
0.122588
0.113555
0.103875
0.142243
0.126283
0.119440
0.155241
0.082095
0.045133
0.107683
0.092558
0.097612
0.120829
0.105799
0.077948
0.127364
0.145145
0.061445
0.062637
0.022764
0.182448
0.139882
0.160333
0.060076
0.160941
0.108203
0.120236
0.063713
0.149134
0.111716
0.076118
0.075812
0.111871
0.126027
0.085564
0.050249
0.157332
0.090930
0.108410
0.062359
0.157994
0.140086
0.097411
0.082179
0.159929
0.100671
0.115945
0.090768
0.086529
0.117987
0.124542
0.020546
0.108096
0.086255
0.074903
0.124912
0.112121
0.071134
0.071932
0.086508
0.089179
0.026651
0.041817
0.106569
0.116684
0.131298
0.132769
0.152275
0.141732
0.072153
0.099742
0.084807
0.124190
0.082230
0.031873
0.079858
0.127525
0.085429
0.151348
0.081414
0.131734
0.101722
0.125497
0.120635
0.118590
0.142390
0.076825
0.111284
0.136744
0.068554
0.123600
0.098528
0.111437
0.054281
0.088990
0.133927
0.126701
0.089907
0.058845
0.132004
0.080127
0.041175
0.089536
0.122150
0.130888
0.087533
0.088522
0.061736
0.141648
0.148830
0.124862
0.093494
0.125330
0.114272
0.070074
0.058512
0.118768
0.123339
0.097371
0.086632
0.097370
0.112518
0.058467
0.150171
0.079321
0.092924
0.084186
0.141856
0.083384
0.065776
0.139814
0.127715
0.117117
0.053977
0.076957
0.104075
0.085674
0.179031
0.075562
0.108213
0.120760
0.142403
0.098024
0.054295
0.127586
0.118816
0.069764
0.143788
0.081678
0.125363
0.132791
0.162359
0.086299
0.077027
0.126347
0.136966
0.118513
0.118015
0.095778
0.119734
0.079622
0.134934
0.156795
0.127503
0.103088
0.135782
0.086451
0.124369
0.175611
0.121118
0.108755
0.109515
0.067486
0.128993
0.083070
0.023336
0.121863
0.159109
0.047987
0.123043
0.156537
0.095536
0.044956
0.107400
0.108894
0.029293
0.082670
0.081090
0.132420
0.097655
0.073364
0.119386
0.126675
0.149158
0.080876
0.049458
0.130518
0.089803
0.139855
0.125314
0.112862
0.070482
0.096556
0.093621
0.100648
0.051649
0.073216
0.100127
0.073640
0.097550
0.141354
0.127403
0.166512
0.111288
0.079519
0.106555
0.144007
0.092428
0.130675
0.094574
0.039607
0.125838
0.105047
0.132602
0.099551
0.097771
0.086603
0.073337
-0.000712
0.095852
0.143362
0.106054
0.122911
0.129269
0.078813
0.079154
0.089048
0.153727
0.170082
0.106074
0.066034
0.115614
0.127989
0.128490
0.122806
0.060502
0.123091
0.059774
0.171362
0.103613
0.139451
0.133292
0.165977
0.101475
0.062591
0.134917
0.086961
0.088303
0.097352
0.147460
0.111309
0.108367
0.163023
0.133665
0.096914
0.118255
0.054914
0.080634
0.075113
0.080431
0.082879
0.061313
0.077561
0.125812
0.071591
0.129616
0.076325
0.095784
0.044215
0.070904
0.171991
0.085663
0.065893
0.052483
0.056956
0.067334
0.083317
0.138664
0.078476
0.089011
0.071847
0.103841
0.171612
0.120417
0.098354
0.064537
0.067338
0.127210
0.031235
0.062337
0.105093
0.129302
0.119618
0.110335
0.110956
0.147945
0.098336
0.092761
0.089577
0.098749
0.104926
0.067203
0.117942
0.086912
0.118826
0.125471
0.099826
0.098437
0.139916
0.085408
0.053151
0.165628
0.119540
0.106316
0.115873
0.121946
0.069187
0.092702
0.160008
0.113871
0.079094
0.090652
0.081094
0.097134
0.136762
0.086694
0.083774
0.069003
0.057375
0.151093
0.130857
0.096704
0.089278
0.114512
0.155538
0.164295
0.114481
0.067576
0.117341
0.111937
0.171543
0.062373
0.034207
0.118955
0.096875
0.104660
0.156451
0.066508
0.116164
0.153280
0.116239
0.100354
0.107842
0.021207
0.115956
0.053960
0.070231
0.055705
0.092295
0.129495
0.088362
0.087423
0.077455
0.125483
0.136221
0.097989
0.082676
0.127983
0.060924
0.021862
0.108483
0.165552
0.041362
0.153015
0.143054
0.124171
0.138318
0.041595
0.068566
0.116736
0.100781
0.122640
0.130691
0.082437
0.098926
0.108590
0.106467
0.166408
0.086701
0.080017
0.119865
0.115534
0.092790
0.111502
0.109685
0.077636
0.046435
0.059063
0.094188
0.132853
0.143118
0.101823
0.184099
0.031472
0.096197
0.131777
0.139250
0.098427
0.095714
0.115065
0.141719
0.121001
0.087060
-0.003243
0.116413
0.099281
0.117201
0.149881
0.078604
0.109568
0.116789
0.092571
0.088194
0.126580
0.087080
0.100714
0.076908
0.115193
0.077351
0.129500
0.080842
0.058984
0.084266
0.075979
0.145610
0.140690
0.099273
0.119002
0.110309
0.117348
0.089840
0.110065
0.094038
0.057629
0.071236
0.085453
0.126729
0.128514
0.150863
0.096033
0.033811
0.105949
0.057347
0.091912
0.107933
0.056025
0.103823
0.088001
0.104418
0.059484
0.098400
0.055395
0.076507
0.035404
0.127815
0.093762
0.091529
0.114895
0.101629
0.129643
0.062173
0.068953
0.161106
0.110949
0.107726
0.059392
0.151337
0.144472
0.040939
0.100992
0.117047
0.078462
0.131078
0.123822
0.084554
0.110292
0.089357
0.129466
0.151647
0.129749
0.097695
0.103452
0.174607
0.095182
0.093879
0.183917
0.054695
0.115299
0.071010
0.034429
0.114205
0.090299
0.131920
0.071753
0.119134
0.117007
0.093298
0.075268
0.134122
0.148377
0.134176
0.196468
0.128550
0.101933
0.102356
0.117402
0.072916
0.052291
0.046517
0.154563
0.135838
0.098988
0.137166
0.117497
0.075013
0.110428
0.069231
0.108876
0.084977
0.079842
0.138799
0.147475
0.110362
0.099897
0.111801
0.055254
0.096031
0.092531
0.058796
0.111918
0.177389
0.062360
0.105910
0.028435
0.021807
0.105267
0.116359
0.026032
0.087061
0.059454
0.041428
0.084702
0.047863
0.092133
0.165966
0.094206
0.129493
0.123998
0.076904
0.098212
0.067193
0.131832
0.119900
0.100709
0.096206
0.120565
0.130598
0.072245
0.107571
0.071737
0.124614
0.164020
0.131764
0.092431
0.113875
0.133681
0.116456
0.129067
0.153014
0.070112
0.093306
0.131241
0.112457
0.164044
0.060660
0.080341
0.188879
0.046465
0.166104
0.101282
0.153784
0.106288
0.110805
0.098910
0.123725
0.075773
0.058137
0.097659
0.170463
0.119881
0.026628
0.114470
0.080019
0.126258
0.068626
0.062078
0.142298
0.086586
0.037896
0.181142
0.089522
0.125383
0.079920
0.119041
0.123350
0.132025
0.048172
0.130623
0.060087
0.159280
0.100291
0.117589
0.043475
0.077812
0.194751
0.052244
0.048961
0.127598
0.064308
0.029425
0.086916
0.054693
0.150591
0.089950
0.082606
0.128637
0.138151
0.114617
0.012906
0.054810
0.125231
0.120369
0.089452
0.081558
0.115005
0.040687
0.119062
0.086361
0.116031
0.118419
0.165212
0.103204
0.102083
0.086327
0.128601
0.111983
0.108385
0.112314
0.101142
0.082705
0.019460
0.114734
0.132620
0.073994
0.048749
0.113489
0.092930
0.101398
0.113262
0.100501
0.155191
0.089641
0.147166
0.097371
0.074423
0.123085
0.097615
0.054031
0.144449
0.111422
0.099046
0.145886
0.113305
0.074164
0.090104
0.111748
0.050760
0.110985
0.086892
0.142904
0.092845
0.128607
0.138780
0.092975
0.151094
0.146841
0.084213
0.086887
0.078078
0.119262
0.079026
0.118724
0.076047
0.122872
0.108555
0.113589
0.059087
0.064928
0.082107
0.139142
0.103422
0.055258
0.122441
0.059857
0.065847
0.133522
0.093290
0.134251
0.082182
0.066246
0.039544
0.128291
0.145872
0.056501
0.122411
0.079485
0.116722
0.091760
0.109708
0.152034
0.129728
0.103667
0.095895
0.134422
0.151038
0.121411
0.121022
0.092038
0.136826
0.071293
0.107053
0.098009
0.106963
0.109302
0.077431
0.046697
0.092527
0.124927
0.152659
0.093828
0.124348
0.093403
0.113959
0.126448
0.115233
0.144595
0.091181
0.132842
0.123567
0.107079
0.155087
0.084102
0.113351
0.117797
0.122518
0.091393
0.106475
0.152100
0.083727
0.113583
0.159128
0.115948
0.131887
0.079483
0.141218
0.128157
0.150635
0.183299
0.078081
0.124450
0.088438
0.076906
0.115994
0.114421
0.119831
0.087166
0.115179
0.057431
0.053898
0.090300
0.123534
0.137708
0.068759
0.091080
0.131075
0.087296
0.101224
0.070876
0.014120
0.141220
0.104955
0.061336
0.075954
0.097307
0.081108
0.089875
0.071807
0.134915
0.094512
0.064722
0.048606
0.153589
0.125802
0.078321
0.133115
0.106260
0.085119
0.125110
0.154388
0.159865
0.060515
0.121998
0.119645
0.125713
0.145972
0.099939
0.076682
0.143608
0.137120
0.092581
0.126596
0.055143
0.092461
0.086779
0.068723
0.091248
0.093062
0.143129
0.048722
0.077181
0.091498
0.079715
0.148280
0.123723
0.108780
0.098370
0.098276
0.080566
0.063244
0.133713
0.158764
0.150303
0.032237
0.115929
0.081359
0.090320
0.133105
0.081751
0.134316
0.053543
0.042534
0.078343
0.027965
0.056928
0.133972
0.067672
0.107497
0.146348
0.135793
0.052239
0.106634
0.105112
0.119193
0.086933
0.074611
0.136799
0.173995
0.090827
0.086020
0.140845
0.062600
0.137101
0.104180
0.118615
0.113351
0.184355
0.106340
0.113591
0.096049
0.130753
0.097976
0.091915
0.143299
0.095516
0.145855
0.068181
0.084759
0.119902
0.098806
0.134732
0.070083
0.082854
0.140679
0.117480
0.088667
0.163703
0.045829
0.071819
0.131915
0.085278
0.100179
0.082889
0.089255
0.063981
0.064507
0.187115
0.116550
0.103657
0.155633
0.070715
0.066428
0.126631
0.124886
0.150311
0.141505
0.116321
0.143372
0.084653
0.092873
0.152224
0.072665
0.096914
0.136174
0.125061
0.093531
0.044429
0.111854
0.061087
0.081677
0.114128
0.145008
0.093206
0.110970
0.120417
0.113709
0.085455
0.086296
0.088216
0.120475
0.080456
0.178369
0.099867
0.073788
0.140895
0.085969
0.169200
0.050635
0.143456
0.097466
0.100295
0.077371
0.135616
0.071974
0.124685
0.095896
0.121627
0.104829
0.114977
0.092771
0.077601
0.094070
0.110324
0.112968
0.108203
0.105638
0.142264
0.145427
0.087820
0.118709
0.122025
0.113814
0.159978
0.122155
0.073970
0.060160
0.113955
0.148204
0.051614
0.096995
0.085536
0.127955
0.074478
0.102085
0.043677
0.102463
0.043316
0.112101
0.074073
0.125572
0.123345
0.130656
0.086685
0.064013
0.117162
0.055273
0.070236
0.120952
0.130046
0.111747
0.038633
0.186241
0.143053
0.110697
0.064653
0.069257
0.102086
0.097077
0.100827
0.043870
0.108876
0.092691
0.100512
0.104476
0.075158
0.088222
0.182873
0.119825
0.098818
0.130125
0.149596
0.066821
0.075881
0.103442
0.074761
0.145466
0.055573
0.169522
0.063533
0.070821
0.105829
0.042391
0.092285
0.154735
0.065957
0.116130
0.088536
0.076959
0.092056
0.129495
0.111763
0.113187
0.112594
0.095692
0.065249
0.120024
0.165042
0.163022
0.088556
0.116204
0.088403
0.098064
0.079192
0.107806
0.091812
0.048986
0.132389
0.121274
0.041153
0.145726
0.098385
0.047361
0.130616
0.177464
0.140633
0.045821
0.100426
0.092540
0.136919
0.111032
0.129871
0.146775
0.066004
0.123038
0.072276
0.128701
0.126041
0.080095
0.065753
0.087308
0.143674
0.130954
0.149456
0.176574
0.120998
0.087835
0.063455
0.131140
0.105072
0.131748
0.082019
0.088335
0.098566
0.094955
0.155702
0.107718
0.168121
0.086906
0.155474
0.065645
0.096673
0.139541
0.102606
0.059578
0.025127
0.128230
0.081530
0.112381
0.050129
0.085677
0.095091
0.113098
0.108084
0.116226
0.093663
0.112499
0.129691
0.139325
0.086697
0.107928
0.147307
0.139242
0.074414
0.115601
0.118531
0.085699
0.132954
0.088335
0.116117
0.114119
0.113137
0.076305
0.011472
0.129190
0.119330
0.141403
0.161744
0.138767
0.112814
0.167712
0.064932
0.133105
0.077838
0.075875
0.117070
0.102573
0.084621
0.066171
0.091256
0.082949
0.146624
0.114278
0.059469
0.105184
0.079237
0.040365
0.052815
0.079866
0.110849
0.073483
0.067030
0.100446
0.131524
0.084145
0.124274
0.112532
0.108597
0.055014
0.087961
0.061582
0.110403
0.117577
0.088717
0.111524
0.088621
0.152935
0.162098
0.104145
0.118146
0.096603
0.069139
0.123938
0.169079
0.075903
0.134752
0.093599
0.067781
0.123205
0.118906
0.066819
0.111885
0.118684
0.077774
0.100805
0.120908
0.069714
0.119721
0.112535
0.081298
0.056322
0.139871
0.119363
0.122640
0.120778
0.114896
0.100514
-0.010852
0.095131
0.120228
0.114835
0.132698
0.158942
0.125771
0.062914
0.061159
0.160511
0.106964
0.061378
0.097802
0.110922
0.106723
0.141726
0.093277
0.127439
0.052635
0.128167
0.135109
0.114942
0.070074
0.118937
0.073913
0.076543
0.102392
0.096726
0.149479
0.070947
0.050985
0.159108
0.155778
0.105765
0.156221
0.073785
0.034174
0.139404
0.082530
0.148710
0.121772
0.140894
0.108753
0.118166
0.075728
0.084901
0.069537
0.140830
0.129969
0.043911
0.120474
0.124559
0.112461
0.104816
0.063978
0.059939
0.096109
0.085054
0.094742
0.159194
0.122413
0.069184
0.091202
0.108105
0.057544
0.174933
0.126389
0.098671
0.108104
0.118881
0.136491
0.125251
0.162055
0.135793
0.146956
0.090843
0.137152
0.111566
0.083034
0.130831
0.112615
0.086518
0.118094
0.129839
0.098597
0.110290
0.161763
0.105409
0.068679
0.132278
0.101492
0.150680
0.115307
0.088500
0.084982
0.126436
0.097381
0.137133
0.072122
0.104309
0.148499
0.062605
0.100641
0.125723
0.091602
0.132586
0.118842
0.044466
0.137073
0.122634
0.126093
0.034108
0.128244
0.131646
0.104319
0.115177
0.152436
0.134654
0.070238
0.127464
0.125338
0.046148
0.117009
0.121554
0.092461
0.113597
0.122077
0.104503
0.079587
0.102964
0.115015
0.086323
0.104762
0.063592
0.055908
0.137630
0.082649
0.116641
0.063707
0.134644
0.089284
0.103793
0.139575
0.083819
0.124891
0.013254
0.078830
0.193784
0.108873
0.130596
0.084932
0.090195
0.087537
0.098110
0.130004
0.124134
0.040920
0.078607
0.028401
0.126562
0.050451
0.123470
0.153141
0.144286
0.103140
0.122539
0.077032
0.140938
0.061990
0.137709
0.104818
0.111675
0.122084
0.134679
0.079959
0.117457
0.089677
0.121712
0.127803
0.108152
0.055004
0.178310
0.159981
0.089089
0.112969
0.056710
0.114086
0.089089
0.117216
0.110903
0.102703
0.061623
0.053378
0.112362
0.075080
0.097863
0.044499
0.132298
0.076252
0.107130
0.119791
0.127769
0.092199
0.022873
0.128267
0.121413
0.085686
0.076198
0.045486
0.080648
0.091730
0.129072
0.129044
0.155250
0.128024
0.054471
0.123042
0.078629
0.101682
0.097927
0.088626
0.069039
0.137805
0.111753
0.130848
0.135000
0.052657
0.148374
0.103222
0.048455
0.075737
0.122545
0.051635
0.078918
0.112629
0.069044
0.085394
0.097922
0.140585
0.044568
0.137139
0.108050
0.103456
0.112039
0.107071
0.061726
0.038407
0.152555
0.057616
0.053700
0.148744
0.060977
0.125526
0.117014
0.114500
0.143245
0.052798
0.088453
0.170918
0.153541
0.051524
0.087877
0.121823
0.114203
0.061465
0.101460
0.095600
0.087982
0.098669
0.110102
0.121833
0.121089
0.134987
0.112802
0.106432
0.062147
0.020969
0.085210
0.172456
0.102991
0.128530
0.091144
0.103590
0.057349
0.112969
0.101895
0.079684
0.115407
0.130287
0.129952
0.116331
0.218682
0.066319
0.134039
0.093530
0.160306
0.081027
0.054459
0.044445
0.059631
0.101134
0.136132
0.137314
0.072125
0.123359
0.129091
0.142240
0.158839
0.152551
0.161933
0.075552
0.089191
0.096519
0.103529
0.117576
0.120899
0.095715
0.086060
0.040453
0.141733
0.064268
0.081783
0.085761
0.029652
0.090379
0.047920
0.099263
0.143301
0.131667
0.100542
0.097274
0.083726
0.159098
0.062249
0.104326
0.127972
0.084754
0.133004
0.084511
0.118201
0.094928
0.096303
0.122381
0.118765
0.130291
0.105099
0.016396
0.054435
0.069863
0.110353
0.078821
0.043711
0.089862
0.126590
0.132105
0.141394
0.073423
0.127951
0.117096
0.090809
0.093129
0.050171
0.113732
0.130588
0.067198
0.098023
0.108460
0.128131
0.120210
0.111896
0.084928
0.135718
0.140020
0.090498
0.107761
0.119501
0.122603
0.093696
0.182342
0.100538
0.135498
0.101461
0.123593
0.119672
0.132532
0.136593
0.075987
0.132385
0.079364
0.077893
0.140519
0.085920
0.099565
0.119162
0.102612
0.102193
0.053783
0.086255
0.066017
0.091167
0.118775
0.063964
0.124052
0.089988
0.098030
0.147384
0.147624
0.133856
0.115903
0.103048
0.131242
0.086111
0.049183
0.133942
0.086480
0.121806
0.110041
0.065383
0.117621
0.081018
0.123619
0.093323
0.070359
0.079305
0.107519
0.062581
0.085685
0.073651
0.091862
0.087511
0.108570
0.049105
0.081601
0.157787
0.120529
0.066023
0.101381
0.125627
0.103136
0.115448
0.110269
0.109442
0.172872
0.119110
0.070342
0.119971
0.080843
0.059952
0.118375
0.096175
0.108712
0.161696
0.082591
0.151454
0.107296
0.121928
0.121347
0.097864
0.148616
0.152848
0.079478
0.066229
0.098770
0.176875
0.085626
0.114886
0.088118
0.165586
0.124449
0.074960
0.139670
0.135651
0.047896
0.142244
0.064243
0.061656
0.061190
0.136980
0.116154
0.057469
0.129957
0.104909
0.116742
0.089998
0.108600
0.096399
0.143896
0.083791
0.083851
0.129081
0.105737
0.126397
0.133510
0.046594
0.039409
0.134811
0.117241
0.105395
0.122341
0.133558
0.070156
0.175212
0.145991
0.142285
0.144514
0.085835
0.089964
0.116954
0.113832
0.030549
0.152131
0.066972
0.101789
0.050148
0.116482
0.079338
0.080408
0.104149
0.104215
0.117801
0.138203
0.115380
0.111721
0.118076
0.057097
0.035270
0.141498
0.112802
0.086333
0.085126
0.046253
0.060107
0.090554
0.144219
0.103588
0.184952
0.084966
0.097048
0.058550
0.097167
0.119123
0.125334
0.097253
0.101312
0.143286
0.146475
0.094693
0.157355
0.079128
0.108412
0.108424
0.111532
0.116973
0.129775
0.130213
0.092625
0.147897
0.159044
0.131515
0.118839
0.146920
0.173020
0.047770
0.076581
0.083438
0.079792
0.132530
0.047632
0.090553
0.147739
0.127373
0.165783
0.094978
0.098978
0.131934
0.114582
0.073947
0.050304
0.119130
0.074035
0.117618
0.112895
0.169733
0.090280
0.095585
0.092836
0.086743
0.084347
0.063099
0.111703
0.019186
0.113486
0.088718
0.080552
0.134751
0.139137
0.068603
0.132947
0.115090
0.040387
0.052557
0.087304
0.084556
0.175248
0.113004
0.058897
0.099320
0.144830
0.075328
0.081001
0.048133
0.122635
0.101946
0.111385
0.151962
0.117135
0.075841
0.072995
0.099390
0.097887
0.075551
0.108207
0.081883
0.114879
0.082601
0.123447
0.120210
0.072335
0.090445
0.045622
0.144270
0.140578
0.143225
0.084383
0.153364
0.086303
0.133204
0.056855
0.192889
0.083947
0.137673
0.056649
0.073121
0.098914
0.117662
0.108123
0.122338
0.156753
0.079854
0.041315
0.137782
0.064173
0.079579
0.064706
0.134333
0.100751
0.124430
0.111678
0.072136
0.135409
0.132692
0.096499
0.080560
0.095263
0.108024
0.106081
0.085909
0.109197
0.111603
0.123746
0.114466
0.133357
0.135043
0.056434
0.134263
0.052196
0.121614
0.143552
0.072992
0.115779
0.134708
0.057378
0.114030
0.095514
0.152469
0.141397
0.102748
0.143315
0.116083
0.143539
0.091660
0.072786
0.082704
0.130642
0.072582
0.088504
0.093360
0.084226
0.126141
0.133522
0.047553
0.110785
0.107207
0.161939
0.113533
0.148853
0.131206
0.110314
0.118904
0.105673
0.111938
0.096577
0.103485
0.153706
0.119854
0.114088
0.150841
0.144313
0.075192
0.106609
0.057919
0.080286
0.079345
0.136531
0.101684
0.037872
0.130983
0.101526
0.118782
0.124936
0.091109
0.115778
0.045529
0.106572
0.124753
0.118211
0.079347
0.033448
0.145180
0.134009
0.105785
0.062218
0.069009
0.124107
0.127949
0.095844
0.093223
0.066673
0.133477
0.080263
0.128101
0.133621
0.128483
0.080539
0.106141
0.091680
0.072078
0.125646
0.104802
0.106939
0.084182
0.123285
0.119291
0.139817
0.074750
0.145391
0.093867
0.140910
0.071134
0.135972
0.127574
0.018560
0.064448
0.146935
0.081355
0.114575
0.139030
0.071858
0.114189
0.131911
0.132050
0.085996
0.202334
0.106573
0.139275
0.123747
0.075465
0.167431
0.105398
0.115540
0.112159
0.114659
0.029286
0.109344
0.115288
0.096484
0.161557
0.095449
0.099429
0.142655
0.116014
0.096655
0.076225
0.043772
0.092172
0.120577
0.073879
0.100302
0.138761
0.160465
0.107356
0.117060
0.083226
0.054133
0.137081
0.048747
0.117807
0.038227
0.151660
0.097361
0.132733
0.139092
0.139495
0.099381
0.105314
0.143909
0.131815
0.117805
0.070103
0.116197
0.127287
0.130740
0.071802
0.126400
0.083867
0.111063
0.090894
0.058577
0.108698
0.107653
0.085366
0.081368
0.053139
0.091884
0.084806
0.138623
0.078048
0.100256
0.102176
0.182803
0.074986
0.112744
0.095614
0.115126
0.162980
0.067094
0.061993
0.079739
0.150104
0.075105
0.082068
0.131538
0.051093
0.123461
0.086449
0.139226
0.040946
0.043706
0.125624
0.092232
0.084573
0.152297
0.127321
0.032202
0.128066
0.144583
0.094397
0.133621
0.094230
0.132167
0.092159
0.095006
0.109975
0.127302
0.129797
0.086914
0.092830
0.134063
0.155574
0.131460
0.107138
0.064878
0.144263
0.136451
0.154747
0.143756
0.054566
0.139055
0.076124
0.113389
0.101729
0.089123
0.100837
0.062840
0.084201
0.108431
0.149883
0.082103
0.115820
0.080360
0.107886
0.103593
0.113693
0.044799
0.132902
0.111048
0.159632
0.123166
0.141244
0.072828
0.096657
0.105223
0.112520
0.138002
0.109519
0.115991
0.097104
0.060227
0.064511
0.113923
0.045766
0.088539
0.089947
0.088566
0.073583
0.078826
0.082298
0.057509
0.101835
0.149388
0.139797
0.120599
0.079446
0.155284
0.099375
0.135309
0.106706
0.150793
0.144545
0.121039
0.097326
0.115845
0.074770
0.141992
0.080175
0.120866
0.082166
0.122849
0.082729
0.088627
0.093011
0.131347
0.128887
0.119687
0.045668
0.089589
0.106676
0.130038
0.118889
0.109221
0.047511
0.098524
0.063738
0.082393
0.130518
0.074825
0.108847
0.086670
0.110020
0.083610
0.124089
0.074512
0.095875
0.094117
0.134490
0.051413
0.076646
0.133376
0.088901
0.155012
0.141834
0.106111
0.098394
0.090735
0.103564
0.112433
0.078382
0.188039
0.166227
0.119008
0.074347
0.054266
0.094971
0.131671
0.100119
0.092599
0.087073
0.064998
0.059477
0.106154
0.141661
0.101668
0.104105
0.079751
0.065965
0.126516
0.126220
0.066662
0.085711
0.135162
0.135292
0.111947
0.107932
0.070958
0.076273
0.041539
0.143731
0.124149
0.016747
0.142698
0.092890
0.100975
0.116196
0.132490
0.092624
0.059879
0.031301
0.125966
0.146830
0.051682
0.078336
0.122516
0.124370
0.061689
0.069689
0.066755
0.121295
0.032281
0.107346
0.079471
0.108824
0.113267
0.085416
0.148107
0.147410
0.098378
0.074255
0.154158
0.107557
0.114985
0.137862
0.064543
0.115794
0.163086
0.140942
0.115986
0.106887
0.148815
0.123067
0.064333
0.076049
0.045742
0.141284
0.093405
0.103273
0.094343
0.075072
0.110862
0.043211
0.103134
0.074515
0.159050
0.022978
0.124595
0.155948
0.078098
0.143545
0.161989
0.064657
0.136256
0.054710
0.128512
0.097550
0.106084
0.123898
0.108328
0.135488
0.135235
0.130683
0.133326
0.122569
0.094118
0.053280
0.084880
0.153207
0.050285
0.090309
0.142736
0.136977
0.104730
0.122321
0.137726
0.100851
0.138688
0.013531
0.126373
0.136815
0.146815
0.086090
0.093811
0.105382
0.110088
0.143429
0.097466
0.110904
0.071671
0.074959
0.162882
0.046912
0.103977
0.154637
0.135027
0.090924
0.056223
0.058291
0.100327
0.127403
0.132726
0.087836
0.089614
0.160743
0.083394
0.124566
0.106309
0.102876
0.120546
0.122930
0.113104
0.098191
0.124998
0.098851
0.114181
0.116642
0.064511
0.070553
0.095486
0.031994
0.164099
0.062734
0.112680
0.083054
0.070800
0.070849
0.089850
0.137505
0.058016
0.114029
0.108116
0.125466
0.007950
0.140884
0.093780
0.060354
0.123017
0.138945
0.125137
0.098618
0.079375
0.133530
0.125148
0.202559
0.136304
0.138027
0.134120
0.091223
0.091811
0.103832
0.152187
0.098212
0.107288
0.110888
0.051247
0.162196
0.067282
0.080281
0.072125
0.076899
0.174251
0.064076
0.104957
0.138053
0.083077
0.124616
0.113256
0.118361
0.099126
0.121475
0.126681
0.093098
0.128901
0.074800
0.119489
0.059247
0.105161
-0.001522
0.097756
0.102312
0.059799
0.165521
0.141695
0.079238
0.105197
0.116507
0.128788
0.068206
0.113387
0.125640
0.121562
0.090745
0.059931
0.090537
0.116906
0.100843
0.113293
0.034113
0.125001
0.113589
0.150347
0.102976
0.143386
0.110434
0.125326
0.096168
0.107891
0.125761
0.105030
0.013471
0.061341
0.089264
0.077765
0.110197
0.098891
0.084446
0.147476
0.080569
0.125150
0.078631
0.111848
0.128428
0.077071
0.178551
0.122961
0.089536
0.076618
0.120986
0.094841
0.123641
0.089055
0.105366
0.135964
0.142501
0.112005
0.166720
0.102947
0.085480
0.106509
0.084137
0.088918
0.141735
0.069531
0.049565
0.108342
0.119189
0.150941
0.080525
0.081933
0.109088
0.077268
0.064084
0.059048
0.086584
0.059927
0.078341
0.056110
0.064651
0.053596
0.103318
0.100329
0.093479
0.120860
0.102336
0.147550
0.140025
0.059332
0.134522
0.127259
0.096528
0.140171
0.117176
0.128488
0.056400
0.159874
0.149278
0.163980
0.096268
0.169198
0.120035
0.088201
0.099187
0.120231
0.109187
0.103657
0.150753
0.070632
0.092222
0.085996
0.037758
0.088308
0.112987
0.086868
0.087700
0.107148
0.092954
0.018758
0.135911
0.048652
0.126209
0.112750
0.135260
0.043472
0.091541
0.119843
0.130298
0.125873
0.140288
0.140842
0.119878
0.077292
0.154761
0.144023
0.146083
0.097559
0.056344
0.085515
0.076959
0.078837
0.028120
0.112354
0.157162
0.070877
0.104324
0.136722
0.081454
0.106426
0.091713
0.167301
0.083057
0.184949
0.133571
0.148020
0.147671
0.114549
0.083838
0.068506
0.136974
0.067511
0.090700
0.054741
0.102558
0.082027
0.082741
0.085216
0.093138
0.052518
0.125562
0.054147
0.081444
0.132188
0.042889
0.107041
0.098230
0.133200
0.107408
0.153216
0.094430
0.071038
0.126562
0.137518
0.084022
0.108589
0.112490
0.103314
0.145919
0.116410
0.128401
0.083458
0.126352
0.080345
0.084643
0.060127
0.068254
0.135700
0.152848
0.135507
0.137595
0.107004
0.156282
0.132040
0.107806
0.080415
0.044292
0.069353
0.099107
0.087526
0.100853
0.067203
0.102285
0.061768
0.117943
0.074695
0.165509
0.123163
0.065574
0.121501
0.115068
0.100418
0.057202
0.060673
0.085478
0.085343
0.112599
0.093094
0.114959
0.135101
0.063538
0.157804
0.092735
0.070729
0.155023
0.038451
0.066375
0.105514
0.107467
0.070771
0.070984
0.070259
0.069949
0.087920
0.072683
0.070760
0.111563
0.081990
0.083893
0.054996
0.109992
0.069235
0.113549
0.101138
0.150216
0.123398
0.088591
0.071068
0.082865
0.095647
0.067822
0.107699
0.150571
0.097989
0.104672
0.101547
0.110181
0.175586
0.047214
0.031442
0.043679
0.132769
0.110237
0.140350
0.132222
0.116276
0.091624
0.090278
0.114202
0.083261
0.150354
0.147136
0.146146
0.154691
0.123793
0.086072
0.060888
0.121156
0.088356
0.126187
0.077813
0.059232
0.137924
0.166937
0.076199
0.107330
0.101008
0.089519
0.126790
0.080951
0.158373
0.063480
0.130966
0.091441
0.088227
0.148094
0.127142
0.144404
0.166117
0.052644
0.125409
0.066618
0.111830
0.069215
0.068474
0.113418
0.132204
0.121977
0.055732
0.056809
0.105366
0.016715
0.137280
0.091013
0.080261
0.089751
0.117482
0.085783
0.127976
0.142022
0.123305
0.135321
0.095795
0.057128
0.066829
0.114113
0.102602
0.078190
0.103971
0.111014
0.079165
0.113447
0.175635
0.140763
0.125240
0.183911
0.417350
0.398685
0.353072
0.296509
0.363651
0.414519
0.458737
0.301653
0.432459
0.244996
0.416286
0.228762
0.413671
0.264528
0.221256
0.215061
0.338953
0.201683
0.249538
0.387439
0.147295
0.376088
0.259950
0.133378
0.351499
0.261640
0.298955
0.194423
0.254783
0.291861
0.136248
0.341205
0.275307
0.157184
0.389760
0.172608
0.150633
0.300289
0.189467
0.212819
0.250669
0.356147
0.305503
0.217175
0.280055
0.229609
0.267067
0.276387
0.217900
0.353599
0.214326
0.407427
0.295222
0.360086
0.222887
0.297940
0.274513
0.353307
0.388080
0.291671
0.185375
0.217593
0.355940
0.230835
0.352004
0.515611
0.357592
0.305773
0.393890
0.164812
0.260725
0.238800
0.156322
0.190238
0.230914
0.263535
0.165647
0.293352
0.223515
0.398486
0.145075
0.399234
0.401388
0.338378
0.400265
0.324650
0.357063
0.293288
0.284565
0.418607
0.362307
0.202593
0.283716
0.333433
0.321400
0.181441
0.379006
0.239369
0.238146
0.318668
0.223846
0.229129
0.319512
0.356550
0.317884
0.243433
0.219678
0.230095
0.217923
0.214360
0.322781
0.401784
0.407221
0.292620
0.379142
0.174483
0.251052
0.273174
0.208903
0.286096
0.260753
0.309607
0.321773
0.174838
0.383531
0.381804
0.357126
0.165150
0.381273
0.359113
0.326892
0.347334
0.411417
0.356007
0.209290
0.260618
0.271774
0.245594
0.293903
0.183036
0.270048
0.344928
0.326891
0.293981
0.204480
0.372333
0.248048
0.405490
0.525774
0.250944
0.224185
0.442373
0.190545
0.210188
0.191517
0.394480
0.292828
0.243477
0.279665
0.312410
0.206165
0.384286
0.289687
0.248481
0.308575
0.437857
0.133646
0.268867
0.320101
0.270221
0.287738
0.208330
0.150047
0.339123
0.343654
0.232610
0.268700
0.260764
0.413465
0.506200
0.300861
0.307202
0.259374
0.143667
0.371771
0.214517
0.296801
0.254895
0.264062
0.173293
0.286238
0.173007
0.285381
0.285694
0.380781
0.386490
0.194787
0.212114
0.183928
0.519595
0.191018
0.215698
0.300002
0.421857
0.360180
0.293271
0.338523
0.283389
0.206705
0.296860
0.304087
0.202345
0.235716
0.126987
0.313753
0.209640
0.249818
0.244764
0.558860
0.343769
0.208134
0.346042
0.252728
0.339322
0.226132
0.168486
0.235079
0.259367
0.228583
0.329088
0.289166
0.204251
0.248241
0.312434
0.358060
0.326407
0.304720
0.307877
0.400991
0.326831
0.201740
0.277078
0.252576
0.320813
0.488270
0.103707
0.256557
0.290573
0.216245
0.177324
0.248989
0.344948
0.388303
0.267926
0.258838
0.236326
0.245030
0.197197
0.400850
0.323665
0.203168
0.257001
0.341347
0.397769
0.328690
0.251922
0.193626
0.318356
0.387891
0.215236
0.237978
0.158595
0.130760
0.414924
0.223685
0.261261
0.333261
0.181419
0.301346
0.327863
0.198742
0.314576
0.224208
0.196186
0.313391
0.305027
0.259062
0.461998
0.159861
0.430849
0.265302
0.153350
0.347760
0.339870
0.250407
0.162633
0.205979
0.367692
0.294406
0.286753
0.400422
0.405470
0.369843
0.304288
0.390103
0.328725
0.293834
0.282533
0.344731
0.337384
0.462134
0.254954
0.286744
0.275728
0.171165
0.247979
0.332329
0.402013
0.228027
0.381593
0.259110
0.399621
0.225192
0.366942
0.203326
0.298554
0.257455
0.267370
0.300046
0.441619
0.303513
0.288943
0.398746
0.312222
0.301833
0.281329
0.168203
0.328895
0.415578
0.250212
0.356739
0.334040
0.250365
0.346943
0.379248
0.211576
0.243226
0.476508
0.351352
0.294393
0.346775
0.294672
0.263758
0.242774
0.353501
0.314114
0.270715
0.159562
0.170890
0.190560
0.415173
0.292948
0.229008
0.235796
0.354530
0.241438
0.327066
0.196309
0.370141
0.200858
0.206421
0.206555
0.227322
0.400252
0.244955
0.282119
0.316348
0.239393
0.262163
0.203740
0.391383
0.360776
0.146042
0.121708
0.285585
0.219277
0.274899
0.350538
0.175024
0.256595
0.235797
0.230000
0.367263
0.469826
0.376137
0.244729
0.260879
0.375765
0.290591
0.261651
0.274797
0.438568
0.252204
0.417613
0.262595
0.353443
0.387451
0.302794
0.228186
0.205083
0.232471
0.268539
0.305578
0.332618
0.281485
0.356462
0.277355
0.301136
0.379753
0.287403
0.214146
0.351170
0.413521
0.267885
0.363454
0.236387
0.272576
0.443997
0.288550
0.334061
0.274145
0.500073
0.305893
0.199675
0.317630
0.419345
0.248063
0.282999
0.373965
0.212434
0.183700
0.298507
0.365615
0.285859
0.178345
0.245599
0.333813
0.265507
0.304587
0.283727
0.274514
0.240626
0.216498
0.250661
0.235198
0.272711
0.402338
0.287230
0.262633
0.270247
0.298740
0.274281
0.220476
0.286637
0.286618
0.219366
0.235997
0.188088
0.256836
0.243152
0.229851
0.254642
0.452861
0.171854
0.273026
0.431920
0.185247
0.352232
0.146591
0.261120
0.316233
0.315860
0.357515
0.242790
0.218044
0.193702
0.159740
0.322637
0.265247
0.152168
0.171853
0.372183
0.266343
0.035118
0.416404
0.251372
0.187893
0.326627
0.242774
0.290224
0.182418
0.339161
0.197727
0.181655
0.341669
0.319154
0.259702
0.235546
0.147712
0.276069
0.206722
0.236183
0.323952
0.189878
0.200146
0.317408
0.296882
0.240248
0.280454
0.306984
0.305228
0.294459
0.293568
0.191534
0.334722
0.379000
0.270895
0.183851
0.349186
0.254230
0.257099
0.299820
0.278543
0.222877
0.271863
0.304723
0.169742
0.389212
0.123248
0.247125
0.257883
0.223454
0.297813
0.196535
0.308891
0.218109
0.335305
0.330071
0.466269
0.279247
0.331773
0.228322
0.249118
0.208504
0.341287
0.228963
0.245145
0.206050
0.261436
0.225231
0.204358
0.165783
0.278689
0.391148
0.253172
0.291214
0.367469
0.258076
0.275383
0.182970
0.300997
0.340074
0.295877
0.238279
0.220153
0.205455
0.378469
0.267339
0.313561
0.303888
0.192901
0.434306
0.163382
0.278663
0.344358
0.360663
0.159358
0.175237
0.293971
0.402087
0.241143
0.236942
0.165677
0.240160
0.296005
0.259898
0.320527
0.332229
0.296679
0.222996
0.292835
0.072218
0.255762
0.418947
0.203891
0.354745
0.371815
0.296138
0.321526
0.312774
0.346587
0.259720
0.291568
0.300535
0.259150
0.435407
0.264919
0.333715
0.323746
0.332747
0.230500
0.330762
0.308722
0.356354
0.300153
0.347689
0.227374
0.327511
0.398836
0.373486
0.268926
0.394460
0.327628
0.319196
0.296056
0.184088
0.206557
0.221154
0.266189
0.243054
0.328988
0.315586
0.339750
0.362271
0.256388
0.408064
0.346571
0.218907
0.210007
0.286477
0.293029
0.321709
0.264501
0.293326
0.316462
0.208458
0.186936
0.126623
0.361100
0.338667
0.217430
0.177905
0.226678
0.447868
0.305279
0.280567
0.342537
0.162488
0.284872
0.364431
0.414130
0.279991
0.231084
0.341153
0.340401
0.314722
0.252157
0.247202
0.321261
0.180166
0.387023
0.508655
0.573418
0.256268
0.422245
0.282818
0.198574
0.386955
0.275651
0.433019
0.250261
0.391853
0.419879
0.221335
0.200829
0.198726
0.252114
0.377668
0.193483
0.198423
0.224967
0.402118
0.215275
0.254771
0.232904
0.304482
0.153193
0.134165
0.208120
0.250162
0.270347
0.462387
0.436753
0.316769
0.310061
0.353957
0.259538
0.385647
0.282376
0.242729
0.247250
0.247785
0.300389
0.258341
0.265406
0.260577
0.358454
0.314176
0.196609
0.346565
0.224318
0.265836
0.246308
0.204513
0.179559
0.321537
0.332428
0.373087
0.204350
0.223995
0.246253
0.252195
0.229078
0.346833
0.274474
0.180296
0.392003
0.206496
0.243160
0.335609
0.302983
0.391511
0.201855
0.206069
0.285700
0.212908
0.232058
0.218726
0.479735
0.291035
0.183060
0.256646
0.203577
0.217740
0.274122
0.258008
0.190215
0.275282
0.359034
0.338303
0.278824
0.318555
0.341310
0.363622
0.295288
0.284096
0.257163
0.351626
0.400945
0.327030
0.347803
0.277378
0.265403
0.455700
0.219071
0.227474
0.298550
0.192913
0.239757
0.394644
0.244745
0.250986
0.192319
0.279776
0.195421
0.157166
0.373706
0.286087
0.267856
0.299013
0.297127
0.280832
0.321870
0.199269
0.345037
0.240918
0.353348
0.286888
0.249848
0.246426
0.195780
0.316718
0.329802
0.214056
0.243811
0.174451
0.426116
0.221178
0.263521
0.349342
0.219288
0.433716
0.328381
0.312544
0.360884
0.202773
0.297419
0.324369
0.222344
0.240369
0.351664
0.227932
0.290153
0.161944
0.360960
0.389202
0.245877
0.330450
0.244746
0.259170
0.342167
0.488946
0.261472
0.310622
0.293008
0.309500
0.290644
0.377562
0.371202
0.172871
0.301733
0.180532
0.284917
0.410271
0.435728
0.339426
0.322726
0.405210
0.578233
0.317242
0.204745
0.272866
0.377822
0.317857
0.186992
0.367189
0.320472
0.266043
0.380833
0.430854
0.149546
0.281634
0.178426
0.193026
0.203444
0.393334
0.335069
0.346521
0.327497
0.324482
0.244212
0.179888
0.292710
0.378575
0.244616
0.236987
0.306553
0.232865
0.192738
0.223280
0.252383
0.101611
0.444101
0.308059
0.239037
0.304836
0.264480
0.389101
0.432677
0.262669
0.262698
0.383169
0.292356
0.346161
0.144348
0.343797
0.308077
0.273150
0.286191
0.399935
0.403520
0.313052
0.379418
0.299559
0.316542
0.247358
0.218586
0.521859
0.266158
0.393926
0.338114
0.373401
0.300626
0.216403
0.213769
0.400704
0.280319
0.361819
0.075369
0.211969
0.318622
0.331340
0.335409
0.387420
0.266482
0.374281
0.281034
0.242446
0.278261
0.325736
0.292861
0.232053
0.227766
0.215729
0.351315
0.197359
0.209817
0.315032
0.284940
0.309214
0.299005
0.188539
0.276040
0.131429
0.318208
0.276984
0.257179
0.190501
0.305662
0.263635
0.312685
0.306707
0.169462
0.228137
0.235513
0.337477
0.368814
0.253382
0.280031
0.219676
0.203844
0.336783
0.326761
0.192354
0.269938
0.260701
0.334597
0.198572
0.286423
0.277049
0.205451
0.357564
0.329790
0.162650
0.198615
0.317909
0.233604
0.164476
0.362904
0.334093
0.490309
0.305339
0.195257
0.214957
0.363975
0.370811
0.297864
0.245233
0.362654
0.261834
0.244698
0.206708
0.199430
0.262936
0.142558
0.444695
0.311343
0.267950
0.179677
0.233067
0.175977
0.174035
0.130608
0.213428
0.187008
0.275812
0.213169
0.185041
0.349927
0.356961
0.291736
0.349453
0.319247
0.248530
0.317154
0.246423
0.198852
0.335309
0.210661
0.428100
0.123920
0.369311
0.333328
0.291917
0.258888
0.190632
0.195830
0.226275
0.306733
0.428124
0.278690
0.244627
0.207433
0.258535
0.161780
0.225873
0.262929
0.324021
0.366054
0.213163
0.299256
0.209459
0.321798
0.310151
0.326009
0.270011
0.247868
0.247208
0.254527
0.221706
0.308085
0.291646
0.195432
0.259026
0.351650
0.263839
0.325795
0.331015
0.152184
0.422062
0.410928
0.226191
0.208635
0.274558
0.290285
0.293433
0.190227
0.276389
0.206257
0.377997
0.273261
0.246146
0.287351
0.291352
0.168047
0.325341
0.200940
0.264437
0.365296
0.376988
0.393634
0.251326
0.199826
0.227504
0.245575
0.252284
0.444352
0.280091
0.302761
0.275605
0.409297
0.388830
0.337428
0.341442
0.262798
0.268740
0.266664
0.314223
0.286938
0.341061
0.224253
0.233676
0.367225
0.318012
0.359798
0.366199
0.387670
0.318967
0.226708
0.347985
0.210829
0.190082
0.216798
0.353999
0.240196
0.182794
0.188450
0.201603
0.350006
0.246735
0.481929
0.424550
0.219047
0.105372
0.234824
0.122156
0.256989
0.211635
0.200401
0.302743
0.157530
0.310820
0.264923
0.225869
0.296388
0.231754
0.459701
0.349252
0.252752
0.221108
0.319055
0.285331
0.251574
0.272040
0.178466
0.219462
0.252067
0.256474
0.239846
0.238932
0.272786
0.358738
0.190241
0.147499
0.240007
0.257155
0.559369
0.230229
0.268449
0.333249
0.369750
0.245693
0.200968
0.301230
0.346819
0.340691
0.303890
0.391000
0.247780
0.385615
0.179680
0.411381
0.369396
0.253357
0.185601
0.365234
0.195558
0.393813
0.324645
0.214892
0.254690
0.233328
0.165899
0.342330
0.164053
0.252701
0.304011
0.253243
0.262389
0.253790
0.275796
0.300360
0.297153
0.281703
0.312676
0.363860
0.319039
0.392577
0.248772
0.418922
0.269883
0.159368
0.397860
0.318992
0.308756
0.253224
0.348605
0.308993
0.275385
0.321569
0.253801
0.198555
0.257669
0.295343
0.284641
0.200342
0.291077
0.232347
0.340972
0.287868
0.233298
0.247072
0.222468
0.188453
0.344031
0.353359
0.193034
0.196435
0.247045
0.328053
0.292684
0.210028
0.145067
0.233231
0.200127
0.457229
0.291445
0.213594
0.273328
0.267730
0.161906
0.253885
0.333191
0.223696
0.180511
0.321033
0.432866
0.212581
0.291364
0.263195
0.181168
0.296225
0.216677
0.215008
0.507412
0.220604
0.319044
0.227745
0.229055
0.339007
0.284998
0.379146
0.234306
0.183383
0.281079
0.256916
0.391803
0.348474
0.230157
0.211369
0.189716
0.313616
0.351522
0.243551
0.196805
0.242837
0.291008
0.332490
0.364810
0.440266
0.433253
0.296220
0.246471
0.293461
0.321958
0.182347
0.298133
0.222064
0.303290
0.179485
0.191288
0.342136
0.401962
0.229986
0.354852
0.177127
0.203286
0.204804
0.317691
0.374166
0.189350
0.342373
0.371916
0.274640
0.377316
0.369553
0.146680
0.500063
0.099332
0.196862
0.304953
0.281945
0.237662
0.294672
0.121714
0.209898
0.246445
0.249032
0.307952
0.293402
0.398751
0.474156
0.207110
0.272935
0.242338
0.225041
0.252610
0.222011
0.228578
0.258207
0.243884
0.287441
0.409193
0.265261
0.333017
0.217931
0.392857
0.163488
0.292901
0.210443
0.215904
0.302711
0.191616
0.268817
0.402731
0.242288
0.165819
0.373114
0.323574
0.206185
0.245223
0.286512
0.388849
0.177983
0.176266
0.475956
0.336851
0.281676
0.377763
0.197800
0.428598
0.262810
0.167799
0.322578
0.343737
0.174907
0.289723
0.300268
0.218939
0.275069
0.338568
0.172396
0.332563
0.441747
0.341462
0.189244
0.146905
0.349744
0.193821
0.293341
0.245117
0.199915
0.270310
0.383086
0.303242
0.420544
0.321340
0.162761
0.158843
0.270941
0.542149
0.159944
0.194658
0.214521
0.241745
0.204542
0.305122
0.308692
0.431963
0.428470
0.313847
0.203886
0.411710
0.446090
0.287492
0.285842
0.303490
0.338638
0.272054
0.079346
0.211308
0.241507
0.307158
0.278310
0.266718
0.248548
0.379935
0.412192
0.307748
0.259264
0.402493
0.383493
0.162227
0.285305
0.293258
0.219805
0.271897
0.335361
0.262440
0.222332
0.455518
0.300745
0.203176
0.232330
0.282153
0.287508
0.322837
0.375593
0.342623
0.235600
0.460964
0.220216
0.304061
0.205146
0.297702
0.255180
0.343476
0.451420
0.281289
0.264952
0.218852
0.386792
0.375989
0.371518
0.217150
0.195982
0.375917
0.298022
0.351937
0.255181
0.227589
0.246001
0.243013
0.283165
0.268513
0.345304
0.241942
0.375129
0.294563
0.218086
0.249799
0.341757
0.355757
0.288302
0.225968
0.265466
0.220619
0.420882
0.151504
0.275096
0.260032
0.280782
0.209209
0.278190
0.450444
0.290301
0.376308
0.276389
0.364209
0.224803
0.355495
0.205114
0.214510
0.233407
0.127845
0.131742
0.246575
0.309558
0.144911
0.242526
0.356482
0.249265
0.263104
0.332105
0.298085
0.296904
0.175402
0.370556
0.220513
0.368717
0.282549
0.246334
0.289819
0.242665
0.183824
0.200593
0.267080
0.275415
0.296142
0.291906
0.266883
0.285659
0.344136
0.335371
0.363736
0.324704
0.227046
0.232618
0.428843
0.324803
0.168128
0.333287
0.198910
0.168124
0.407624
0.371492
0.260200
0.147498
0.207293
0.285295
0.283991
0.339880
0.249497
0.518365
0.241173
0.330404
0.161907
0.217272
0.221843
0.303282
0.248445
0.190297
0.203023
0.173164
0.319047
0.340207
0.243473
0.286618
0.157243
0.196372
0.233924
0.298211
0.269870
0.203719
0.120481
0.268313
0.238615
0.398657
0.245671
0.300598
0.275715
0.359928
0.252214
0.255693
0.344044
0.199361
0.264764
0.244453
0.144014
0.241108
0.306518
0.248982
0.197026
0.190592
0.216574
0.332270
0.398694
0.466476
0.220059
0.377620
0.404949
0.144916
0.306886
0.352819
0.084465
0.338978
0.611560
0.313481
0.185323
0.252728
0.457835
0.300842
0.328307
0.173719
0.242778
0.275651
0.361886
0.377960
0.262107
0.268419
0.241848
0.348634
0.264370
0.314116
0.269925
0.378569
0.252213
0.331501
0.494450
0.260321
0.255568
0.290747
0.353898
0.285304
0.301947
0.257914
0.226662
0.331170
0.152271
0.459304
0.272946
0.334885
0.176120
0.207792
0.261265
0.086407
0.422046
0.396717
0.305193
0.217011
0.381077
0.264788
0.240728
0.375620
0.290387
0.272993
0.351214
0.292474
0.113823
0.287104
0.188110
0.234993
0.200777
0.234959
0.328851
0.233508
0.296995
0.355843
0.253103
0.185623
0.237595
0.293912
0.354069
0.171714
0.415580
0.296549
0.413288
0.213529
0.215991
0.236054
0.264241
0.200452
0.280700
0.181701
0.254085
0.296045
0.300335
0.286259
0.395497
0.241762
0.158158
0.204511
0.266058
0.332544
0.381798
0.327786
0.432467
0.408736
0.216565
0.220191
0.413581
0.231945
0.225167
0.317859
0.398653
0.341254
0.298441
0.291038
0.375300
0.221382
0.180430
0.119407
0.264479
0.183168
0.374615
0.373376
0.329821
0.222509
0.370428
0.280694
0.272619
0.241445
0.393735
0.433826
0.219659
0.285901
0.266963
0.175510
0.256792
0.456390
0.267016
0.247609
0.366143
0.163865
0.258718
0.280710
0.271743
0.350331
0.267159
0.199451
0.426225
0.349687
0.319512
0.254642
0.316527
0.226800
0.342129
0.247704
0.327584
0.343930
0.418292
0.244480
0.333367
0.451992
0.340203
0.241467
0.344922
0.236568
0.298205
0.205659
0.276031
0.132959
0.472777
0.315394
0.259807
0.392847
0.277191
0.251484
0.271273
0.242253
0.207907
0.407625
0.333784
0.261376
0.390463
0.308918
0.375311
0.317158
0.207341
0.193200
0.266894
0.338847
0.381608
0.323387
0.334430
0.422184
0.263867
0.267220
0.174941
0.239479
0.342958
0.269664
0.192473
0.258799
0.324514
0.335752
0.299364
0.403899
0.240925
0.257422
0.169979
0.290558
0.411755
0.290609
0.406804
0.291122
0.232241
0.252978
0.350496
0.348747
0.273864
0.294127
0.430458
0.349238
0.182179
0.288081
0.243542
0.325252
0.231209
0.363524
0.335494
0.409693
0.166222
0.271731
0.322152
0.302868
0.220576
0.130989
0.228469
0.243415
0.203782
0.433618
0.225846
0.353896
0.397125
0.141987
0.340616
0.319718
0.360091
0.193271
0.178926
0.299036
0.281155
0.259671
0.265795
0.234492
0.450687
0.341046
0.308242
0.381392
0.205066
0.227889
0.301487
0.214299
0.256657
0.257067
0.277764
0.153398
0.254056
0.468340
0.294544
0.231451
0.321933
0.293234
0.284206
0.327387
0.361074
0.175924
0.325056
0.210081
0.361247
0.359804
0.298373
0.335091
0.210673
0.174975
0.293938
0.325660
0.313113
0.222221
0.274423
0.311313
0.362150
0.348874
0.232472
0.226852
0.278897
0.316916
0.194329
0.227414
0.203060
0.316954
0.212291
0.424279
0.184762
0.214849
0.350734
0.271875
0.338166
0.277452
0.282141
0.243091
0.279307
0.171580
0.265049
0.441944
0.173680
0.400849
0.381855
0.241480
0.291226
0.260492
0.331214
0.310555
0.278700
0.371117
0.160339
0.319113
0.228594
0.330486
0.279362
0.304788
0.266929
0.262885
0.328444
0.307201
0.266974
0.277185
0.221500
0.271438
0.349101
0.244835
0.203235
0.187772
0.375641
0.098435
0.206590
0.287654
0.371558
0.307954
0.196600
0.331654
0.229519
0.307944
0.318624
0.236483
0.344223
0.476971
0.304485
0.314279
0.303820
0.216522
0.229662
0.173789
0.249694
0.222095
0.199789
0.323002
0.208279
0.288112
0.202055
0.246839
0.197697
0.299169
0.277218
0.356654
0.335782
0.369708
0.363258
0.239670
0.218920
0.390417
0.168390
0.161259
0.280642
0.276692
0.280555
0.315989
0.364683
0.288850
0.253620
0.352607
0.429815
0.327038
0.316387
0.387432
0.337993
0.176599
0.317287
0.254679
0.451223
0.310908
0.252482
0.152034
0.229887
0.344425
0.242278
0.193750
0.232153
0.253512
0.383909
0.220669
0.184502
0.214084
0.386891
0.283805
0.147805
0.251602
0.342789
0.328996
0.131579
0.201307
0.263440
0.266958
0.442601
0.281401
0.104301
0.283143
0.318628
0.358315
0.263567
0.293607
0.176999
0.368021
0.316962
0.490713
0.289383
0.220917
0.224228
0.221846
0.214961
0.196761
0.343676
0.183652
0.182977
0.326697
0.176284
0.220837
0.177401
0.258310
0.344823
0.150236
0.250574
0.275561
0.284933
0.272426
0.377147
0.400707
0.243305
0.287422
0.332481
0.260809
0.257723
0.308796
0.221213
0.247370
0.313582
0.307957
0.244464
0.337711
0.254615
0.226574
0.288980
0.269256
0.402771
0.244724
0.365140
0.366826
0.423867
0.277340
0.267309
0.246183
0.237951
0.353025
0.238629
0.374252
0.356573
0.311956
0.335014
0.340486
0.247197
0.237168
0.302365
0.292248
0.256456
0.379414
0.314425
0.196179
0.372653
0.307222
0.211200
0.373873
0.288127
0.331227
0.239037
0.230710
0.246428
0.260107
0.401694
0.486353
0.375973
0.371063
0.325034
0.347312
0.298818
0.380509
0.259712
0.269569
0.304975
0.378245
0.348921
0.155549
0.326235
0.247008
0.311855
0.222359
0.247269
0.304196
0.262382
0.269936
0.236934
0.444411
0.347097
0.196262
0.234668
0.330213
0.234243
0.404137
0.208670
0.345539
0.208372
0.274360
0.202359
0.213144
0.234526
0.402305
0.250620
0.241385
0.235883
0.301480
0.179569
0.328798
0.280730
0.144691
0.252066
0.212835
0.254624
0.316996
0.353868
0.285699
0.252262
0.265920
0.352300
0.383887
0.359361
0.239288
0.306035
0.190793
0.303252
0.252170
0.385055
0.415497
0.255664
0.149330
0.268832
0.336294
0.256446
0.398007
0.289153
0.265317
0.279724
0.228136
0.254040
0.251187
0.501737
0.233017
0.181589
0.277487
0.243212
0.378863
0.273663
0.270516
0.316705
0.294666
0.144772
0.289728
0.378766
0.367170
0.242161
0.274903
0.171601
0.348398
0.246588
0.264403
0.392505
0.214459
0.317513
0.272267
0.388593
0.240712
0.193990
0.432471
0.264471
0.151745
0.329408
0.442278
0.264485
0.282851
0.314309
0.494722
0.263473
0.209364
0.235232
0.342012
0.218472
0.256218
0.369824
0.324964
0.261970
0.284133
0.312379
0.345997
0.210329
0.402978
0.297501
0.280358
0.288791
0.260723
0.384360
0.331023
0.295787
0.443504
0.176522
0.136702
0.270773
0.260916
0.273849
0.134982
0.356201
0.233192
0.409942
0.285280
0.242303
0.418284
0.320942
0.156089
0.211165
0.405928
0.277764
0.211985
0.282660
0.269350
0.350301
0.244370
0.367707
0.288585
0.359603
0.212531
0.213088
0.200813
0.153294
0.235166
0.169729
0.205664
0.338265
0.411676
0.266601
0.338187
0.300634
0.322632
0.241648
0.278302
0.067069
0.358024
0.291999
0.315407
0.227226
0.276511
0.168779
0.315769
0.321619
0.287143
0.327842
0.302153
0.294518
0.399631
0.254948
0.161757
0.294527
0.173251
0.270050
0.334132
0.293748
0.224552
0.252910
0.257523
0.116806
0.318019
0.218485
0.510848
0.273758
0.152135
0.275836
0.463740
0.281128
0.342907
0.313427
0.225274
0.239766
0.287869
0.360795
0.184061
0.592815
0.330305
0.275899
0.115547
0.157000
0.238609
0.277773
0.412123
0.194432
0.218695
0.298286
0.196986
0.207482
0.233121
0.199534
0.275265
0.258347
0.269997
0.224925
0.186904
0.330206
0.135826
0.162395
0.349901
0.263853
0.174672
0.434953
0.330077
0.301981
0.249460
0.304134
0.329025
0.257301
0.367648
0.370980
0.169863
0.231998
0.178633
0.279474
0.223742
0.268241
0.267519
0.398069
0.407533
0.329927
0.403486
0.310379
0.161240
0.239536
0.195318
0.504062
0.344408
0.193602
0.238399
0.293883
0.233153
0.383124
0.343977
0.231268
0.214735
0.207067
0.324665
0.209952
0.277092
0.218320
0.273084
0.296771
0.190407
0.168236
0.239963
0.273864
0.158441
0.278533
0.199588
0.341025
0.239978
0.260740
0.413187
0.248751
0.243407
0.298900
0.354102
0.313308
0.339268
0.316629
0.216305
0.340347
0.353320
0.291565
0.189068
0.269293
0.168884
0.214536
0.237390
0.446185
0.407682
0.173770
0.227395
0.257754
0.306130
0.307386
0.254248
0.240365
0.264986
0.324481
0.275082
0.135299
0.182986
0.320725
0.195887
0.230149
0.398350
0.245060
0.360601
0.230428
0.190782
0.241876
0.387981
0.250332
0.314369
0.272902
0.382713
0.358040
0.331368
0.188333
0.289130
0.261891
0.196568
0.223805
0.330171
0.101655
0.226880
0.329785
0.154594
0.401073
0.401572
0.339489
0.396336
0.338894
0.262521
0.284366
0.230073
0.247791
0.345677
0.188893
0.212049
0.371289
0.227469
0.360940
0.233121
0.098966
0.430760
0.364412
0.344413
0.229634
0.373341
0.254270
0.208653
0.247183
0.153873
0.321346
0.323042
0.234118
0.395568
0.269572
0.376651
0.208753
0.345652
0.118726
0.146229
0.273293
0.211632
0.265620
0.269240
0.332419
0.302584
0.229374
0.261493
0.212590
0.293628
0.298892
0.242008
0.234894
0.275859
0.266263
0.274742
0.282328
0.255995
0.204451
0.445747
0.457786
0.242262
0.367237
0.275138
0.301049
0.260736
0.164681
0.244884
0.175697
0.307744
0.353396
0.199915
0.245112
0.257918
0.334842
0.385944
0.276705
0.427859
0.275308
0.294839
0.383229
0.348130
0.205663
0.268470
0.257113
0.210016
0.232962
0.251804
0.265155
0.324986
0.247408
0.257074
0.235360
0.366210
0.370298
0.178784
0.420460
0.285293
0.300193
0.201434
0.255178
0.180401
0.361208
0.155309
0.215257
0.244954
0.223139
0.429395
0.335906
0.214461
0.412227
0.254269
0.180855
0.299762
0.390426
0.217750
0.289198
0.368228
0.312824
0.180402
0.208275
0.206492
0.366675
0.337063
0.317711
0.327699
0.173722
0.309601
0.124382
0.209461
0.211391
0.409691
0.167164
0.357538
0.330268
0.260411
0.354274
0.320131
0.325674
0.324374
0.200353
0.220904
0.312408
0.200798
0.440072
0.276492
0.350645
0.349768
0.347798
0.356418
0.256452
0.296676
0.186115
0.245044
0.334330
0.165450
0.324257
0.460912
0.364610
0.319932
0.219011
0.310236
0.234278
0.389360
0.332747
0.190081
0.334769
0.203169
0.418571
0.359764
0.297060
0.214055
0.300747
0.222212
0.401555
0.238333
0.280822
0.293094
0.300841
0.325606
0.202730
0.158466
0.256729
0.286787
0.297489
0.244961
0.239381
0.259163
0.285878
0.268283
0.168383
0.187178
0.275296
0.320277
0.324113
0.341020
0.231258
0.217933
0.176031
0.250770
0.261083
0.227591
0.199064
0.167753
0.316260
0.141137
0.462548
0.203472
0.270660
0.208084
0.385481
0.268450
0.308866
0.384692
0.191399
0.227588
0.275481
0.302030
0.354921
0.291684
0.261310
0.310658
0.293457
0.414931
0.297967
0.232465
0.256140
0.205406
0.234347
0.330627
0.282082
0.368636
0.186843
0.335001
0.152980
0.281504
0.267727
0.295888
0.385161
0.157313
0.245414
0.174765
0.271711
0.388245
0.271467
0.423180
0.197670
0.299328
0.282588
0.206813
0.339418
0.338713
0.277293
0.409664
0.322851
0.212211
0.180071
0.334506
0.277955
0.392204
0.187472
0.205139
0.434143
0.284022
0.219484
0.280221
0.326171
0.257436
0.349184
0.242407
0.158961
0.233243
0.284798
0.288135
0.351813
0.247012
0.279356
0.141720
0.194351
0.429483
0.402758
0.237238
0.192607
0.201118
0.258974
0.364495
0.277911
0.276728
0.483509
0.292608
0.331847
0.298297
0.302103
0.252282
0.259242
0.236015
0.159425
0.217223
0.255812
0.261849
0.402752
0.365131
0.198106
0.213503
0.366832
0.163765
0.396933
0.229515
0.291708
0.242602
0.262214
0.281759
0.253854
0.152535
0.144099
0.338039
0.200602
0.306693
0.373221
0.265341
0.276462
0.210346
0.343392
0.268325
0.202930
0.276147
0.531250
0.174086
0.329261
0.373735
0.297619
0.268961
0.264126
0.198732
0.177560
0.299217
0.302998
0.292241
0.345495
0.248552
0.360858
0.240252
0.360256
0.349502
0.276352
0.402553
0.113919
0.273661
0.265627
0.350798
0.413601
0.131020
0.289850
0.259387
0.193565
0.245404
0.325872
0.202742
0.308968
0.244276
0.391206
0.247079
0.375801
0.320827
0.264506
0.337427
0.365843
0.160972
0.256711
0.226073
0.202320
0.340285
0.317269
0.304622
0.101099
0.276429
0.262288
0.217623
0.272308
0.220281
0.426898
0.511786
0.240438
0.250969
0.423794
0.362248
0.336626
0.359925
0.335753
0.323966
0.300738
0.306097
0.377663
0.223353
0.267064
0.376057
0.430480
0.373266
0.182818
0.351272
0.237360
0.296564
0.318287
0.123135
0.218197
0.217398
0.365656
0.292173
0.267941
0.261616
0.187414
0.244664
0.334136
0.271848
0.196101
0.287661
0.198028
0.185695
0.167247
0.391340
0.291672
0.209656
0.322539
0.242002
0.285713
0.222340
0.140802
0.254125
0.406253
0.227092
0.115594
0.230021
0.354951
0.192351
0.193522
0.277463
0.358955
0.278460
0.219871
0.287557
0.234070
0.260446
0.423023
0.313739
0.261765
0.345554
0.284784
0.320614
0.249101
0.374827
0.206184
0.319371
0.095327
0.289730
0.144147
0.136922
0.173317
0.347503
0.196833
0.200284
0.275131
0.283389
0.375656
0.226050
0.295897
0.277009
0.455562
0.343186
0.282597
0.314347
0.264464
0.426157
0.313242
0.292762
0.284455
0.198295
0.233263
0.361177
0.180554
0.226010
0.264087
0.324608
0.166180
0.278828
0.357189
0.244075
0.243585
0.271385
0.292308
0.258264
0.323589
0.248772
0.192397
0.185237
0.247921
0.338174
0.278196
0.172099
0.370452
0.256039
0.210935
0.263284
0.346979
0.196068
0.151616
0.348438
0.302452
0.189052
0.267649
0.214084
0.238621
0.187835
0.268141
0.200835
0.443522
0.191229
0.220712
0.375262
0.385556
0.263992
0.181614
0.270513
0.306696
0.315618
0.118376
0.247699
0.343247
0.234527
0.280651
0.362186
0.301511
0.370865
0.321125
0.278845
0.288522
0.202279
0.251892
0.298819
0.183877
0.213822
0.238121
0.346374
0.393560
0.267020
0.376451
0.188053
0.316908
0.290618
0.337254
0.246520
0.306680
0.245400
0.377216
0.235937
0.304045
0.193384
0.228330
0.345982
0.257097
0.217329
0.294288
0.388448
0.283966
0.322106
0.286508
0.282829
0.260845
0.309306
0.276859
0.383220
0.333592
0.421672
0.295651
0.194250
0.288602
0.282394
0.314516
0.354297
0.332375
0.174961
0.414142
0.230121
0.307302
0.357165
0.331893
0.315188
0.272427
0.436086
0.263035
0.380973
0.327685
0.298869
0.341545
0.188920
0.137898
0.326955
0.231763
0.257395
0.326803
0.212592
0.440069
0.181237
0.419319
0.207561
0.343302
0.366858
0.291488
0.273198
0.408664
0.163590
0.224461
0.202347
0.239504
0.354416
0.426151
0.379907
0.300480
0.234152
0.367119
0.288270
0.356726
0.355153
0.299035
0.575286
0.232722
0.357805
0.310786
0.241063
0.356456
0.266383
0.332463
0.363481
0.123344
0.253585
0.276026
0.130027
0.286802
0.164192
0.335054
0.226015
0.271681
0.494449
0.353351
0.295711
0.263790
0.222509
0.144829
0.314407
0.345200
0.269687
0.171874
0.341797
0.162562
0.175768
0.300880
0.164938
0.196052
0.267208
0.275676
0.244692
0.378190
0.296143
0.148648
0.267626
0.281192
0.136838
0.211459
0.343588
0.281758
0.243592
0.334799
0.430376
0.413317
0.246186
0.242855
0.391683
0.208949
0.262593
0.325665
0.371374
0.354829
0.280846
0.509776
0.316440
0.423953
0.371536
0.282262
0.290151
0.321135
0.412511
0.293911
0.393782
0.313294
0.226869
0.488336
0.207040
0.215920
0.214935
0.309131
0.257792
0.212748
0.308153
0.197047
0.317580
0.207400
0.221242
0.286951
0.251134
0.262563
0.302972
0.104478
0.267173
0.216897
0.338269
0.389486
0.204875
0.250568
0.352265
0.239581
0.294162
0.258475
0.404628
0.294440
0.311988
0.288697
0.214967
0.234180
0.286625
0.411908
0.236312
0.363729
0.212235
0.291800
0.414771
0.328404
0.269142
0.364583
0.128928
0.155215
0.338539
0.160337
0.227853
0.288097
0.324365
0.363834
0.419305
0.186051
0.273366
0.276389
0.211923
0.297498
0.234078
0.262726
0.369135
0.299810
0.130243
0.178448
0.288572
0.167838
0.187832
0.194756
0.151544
0.280194
0.245368
0.314431
0.325269
0.255565
0.271120
0.161752
0.322474
0.227325
0.212400
0.197412
0.388531
0.233009
0.265297
0.463418
0.247046
0.412529
0.351992
0.230904
0.287358
0.319750
0.290544
0.210297
0.271166
0.204261
0.214898
0.309038
0.213976
0.137234
0.241644
0.126197
0.251241
0.239670
0.296964
0.231258
0.295930
0.402689
0.250491
0.290091
0.458911
0.326749
0.390235
0.225424
0.337664
0.271380
0.209381
0.291493
0.264830
0.242246
0.360332
0.314333
0.479195
0.241791
0.345431
0.321993
0.186638
0.290144
0.279275
0.198783
0.209868
0.243649
0.185885
0.235394
0.352446
0.246328
0.417600
0.233578
0.234083
0.331968
0.209252
0.269530
0.189013
0.391705
0.390176
0.356298
0.388914
0.272895
0.265635
0.326174
0.319561
0.332663
0.230038
0.176939
0.364286
0.293332
0.304983
0.193215
0.325686
0.270807
0.308297
0.253247
0.323075
0.321205
0.186049
0.225135
0.284212
0.259752
0.270161
0.241734
0.277841
0.259673
0.223593
0.386211
0.314117
0.296169
0.254719
0.277299
0.239530
0.327329
0.149407
0.302932
0.156865
0.303342
0.290489
0.305228
0.128483
0.241013
0.277754
0.179131
0.213874
0.192467
0.197765
0.190599
0.308837
0.279441
0.356262
0.343214
0.226872
0.310907
0.224079
0.289667
0.139435
0.326328
0.397222
0.146231
0.391263
0.294383
0.290984
0.222322
0.242301
0.272368
0.268348
0.150281
0.282411
0.205967
0.315085
0.225152
0.237301
0.387886
0.230555
0.304230
0.297420
0.267388
0.198197
0.313414
0.153187
0.376268
0.335114
0.289646
0.249656
0.275211
0.231204
0.326460
0.311045
0.354361
0.446048
0.349316
0.194550
0.188310
0.245855
0.335606
0.213368
0.269782
0.323987
0.368705
0.348348
0.240707
0.324628
0.323994
0.218883
0.265213
0.283705
0.350253
0.176891
0.252318
0.195683
0.253795
0.276844
0.216337
0.162571
0.286827
0.174368
0.395180
0.235659
0.300521
0.229551
0.489183
0.232007
0.287145
0.341230
0.395291
0.265792
0.245635
0.248362
0.398438
0.108902
0.287098
0.368450
0.280212
0.366260
0.137890
0.385721
0.312399
0.331637
0.339273
0.270156
0.185359
0.178768
0.300606
0.372708
0.228671
0.459080
0.172253
0.182831
0.226713
0.253476
0.353135
0.222990
0.382199
0.193633
0.304850
0.370975
0.169915
0.262801
0.267647
0.404528
0.299121
0.316882
0.151477
0.202847
0.255212
0.294448
0.193113
0.255577
0.247959
0.176939
0.310914
0.161014
0.298254
0.390503
0.273061
0.310359
0.191181
0.212387
0.339919
0.348272
0.358508
0.375547
0.272061
0.167443
0.263726
0.216677
0.208338
0.232501
0.284421
0.239302
0.256078
0.217494
0.363677
0.179175
0.146863
0.236822
0.380248
0.238846
0.341096
0.259090
0.248258
0.431671
0.362964
0.325563
0.247156
0.197128
0.299715
0.395751
0.244097
0.288279
0.301899
0.286984
0.206400
0.295973
0.276039
0.239780
0.260445
0.332559
0.113406
0.291662
0.206772
0.261041
0.256951
0.297077
0.365143
0.343386
0.357162
0.292657
0.243695
0.230343
0.210868
0.337283
0.242249
0.154341
0.263846
0.310540
0.257654
0.295393
0.345954
0.400943
0.199931
0.329400
0.244220
0.258253
0.237358
0.192665
0.323712
0.312702
0.262993
0.159295
0.152158
0.373424
0.242070
0.292575
0.215760
0.154986
0.205535
0.167357
0.413253
0.339583
0.319725
0.276613
0.270562
0.311276
0.236371
0.137433
0.282951
0.176998
0.490432
0.223327
0.257773
0.248075
0.342053
0.347227
0.314695
0.152515
0.082717
0.291544
0.421730
0.504542
0.313574
0.316701
0.273291
0.310990
0.282413
0.248319
0.221653
0.392956
0.313187
0.205115
0.162366
0.274173
0.330074
0.266598
0.226332
0.130546
0.343659
0.336700
0.355051
0.182868
0.213559
0.363795
0.345557
0.306196
0.200041
0.263274
0.331950
0.291951
0.456689
0.396900
0.221614
0.190380
0.295754
0.311096
0.195384
0.323578
0.235006
0.338759
0.231719
0.226714
0.549601
0.242260
0.201474
0.284970
0.375218
0.414344
0.105413
0.316479
0.340778
0.378554
0.318606
0.149795
0.343070
0.230939
0.213898
0.283079
0.332812
0.225002
0.258031
0.288470
0.287894
0.353027
0.238363
0.320945
0.389286
0.177741
0.344115
0.274283
0.278165
0.252967
0.435379
0.130850
0.357579
0.196397
0.269049
0.390942
0.405772
0.330769
0.264767
0.340417
0.296400
0.273361
0.414683
0.261592
0.414015
0.358212
0.349852
0.270237
0.200132
0.252936
0.246726
0.237186
0.221180
0.242377
0.269891
0.327640
0.228467
0.326637
0.283179
0.228116
0.318416
0.298122
0.336385
0.388569
0.110207
0.243556
0.380298
0.345556
0.303915
0.314810
0.245319
0.316332
0.204018
0.178007
0.186793
0.465383
0.195210
0.244997
0.376750
0.268000
0.337625
0.246033
0.243961
0.182954
0.262584
0.443612
0.346734
0.190177
0.296937
0.328481
0.273413
0.167556
0.108800
0.311801
0.313893
0.178514
0.395430
0.395001
0.369264
0.260439
0.174509
0.316212
0.248379
0.399857
0.156531
0.358311
0.337638
0.355926
0.272537
0.390949
0.311224
0.318589
0.304227
0.337750
0.250833
0.337467
0.244427
0.252016
0.396117
0.379402
0.218016
0.401865
0.275583
0.368010
0.243667
0.323631
0.312150
0.378489
0.274032
0.150594
0.508899
0.302250
0.367950
0.236551
0.240397
0.363502
0.121970
0.219470
0.259781
0.363732
0.205842
0.282612
0.295671
0.160666
0.188413
0.412566
0.245946
0.251690
0.288791
0.309550
0.213452
0.297440
0.267412
0.325584
0.256439
0.366196
0.229845
0.270860
0.325319
0.197743
0.411837
0.250213
0.384380
0.284516
0.242370
0.195565
0.472769
0.199610
0.238247
0.299144
0.383169
0.236738
0.299415
0.404492
0.431634
0.397467
0.440668
0.233395
0.293275
0.225819
0.254645
0.204135
0.188463
0.183770
0.248726
0.262686
0.245348
0.180416
0.148111
0.156721
0.287841
0.253327
0.501987
0.414189
0.308678
0.343701
0.431970
0.223195
0.545809
0.279517
0.356972
0.327132
0.195382
0.274615
0.440892
0.280150
0.341610
0.333396
0.295937
0.204549
0.186405
0.400495
0.223564
0.337569
0.451430
0.249877
0.213556
0.166136
0.277177
0.289635
0.204118
0.152288
0.191751
0.261410
0.227413
0.323334
0.381695
0.371738
0.361568
0.177859
0.231200
0.339145
0.268930
0.285035
0.180541
0.249241
0.230689
0.379782
0.294076
0.168602
0.274789
0.325777
0.363644
0.376030
0.205578
0.310152
0.378545
0.336851
0.301593
0.180729
0.243414
0.190528
0.216909
0.177776
0.188336
0.264292
0.326256
0.195524
0.134898
0.203638
0.234965
0.370348
0.172099
0.282164
0.321064
0.214742
0.253099
0.263505
0.244479
0.184568
0.400202
0.369458
0.304969
0.414319
0.245860
0.440499
0.381142
0.350196
0.367514
0.257035
0.105037
0.225732
0.266266
0.241723
0.312386
0.362356
0.301436
0.206008
0.493162
0.204175
0.235630
0.307434
0.297388
0.160895
0.076005
0.323605
0.135053
0.316938
0.298545
0.253952
0.192175
0.374214
0.265098
0.227037
0.220405
0.295221
0.348009
0.203242
0.213467
0.288499
0.087519
0.259934
0.318319
0.488478
0.342655
0.313096
0.367683
0.167928
0.381790
0.196350
0.092773
0.370819
0.340329
0.313505
0.323433
0.199208
0.275053
0.282679
0.436805
0.318699
0.241057
0.237535
0.198394
0.350860
0.251601
0.443046
0.121105
0.246456
0.287471
0.197300
0.163896
0.269261
0.412274
0.289835
0.196224
0.315040
0.328879
0.249211
0.363522
0.332109
0.288502
0.211322
0.317856
0.358592
0.342836
0.317782
0.379834
0.234849
0.327309
0.242749
0.321840
0.235930
0.315922
0.363146
0.392997
0.214427
0.208899
0.291021
0.169929
0.271883
0.412643
0.305337
0.312759
0.250590
0.375830
0.309780
0.273599
0.293447
0.114057
0.223223
0.286980
0.206365
0.265215
0.230760
0.324801
0.299132
0.142176
0.267029
0.199084
0.285486
0.350718
0.349608
0.437723
0.239929
0.395380
0.355290
0.281109
0.239320
0.376009
0.295330
0.268267
0.280675
0.163449
0.236142
0.221942
0.235985
0.358030
0.216011
0.329193
0.370381
0.130784
0.359646
0.386903
0.232408
0.197269
0.425257
0.295358
0.249271
0.278705
0.147522
0.144920
0.414500
0.249490
0.116457
0.317020
0.282870
0.358371
0.272006
0.198942
0.354514
0.378125
0.236687
0.282135
0.151465
0.246094
0.276035
0.223533
0.360020
0.342268
0.307465
0.306372
0.159231
0.195924
0.336180
0.283884
0.308298
0.275253
0.307365
0.345666
0.354076
0.292287
0.277922
0.273263
0.200025
0.194362
0.220881
0.266124
0.156623
0.282752
0.166247
0.273237
0.356653
0.080900
0.299798
0.319511
0.221901
0.410837
0.348773
0.298858
0.183679
0.267128
0.203544
0.228549
0.261690
0.277600
0.181069
0.301770
0.270970
0.205112
0.400132
0.206955
0.329122
0.340226
0.287508
0.282622
0.279487
0.190683
0.308914
0.260491
0.290127
0.367615
0.367368
0.279590
0.323217
0.391131
0.252853
0.025775
0.109415
0.033841
-0.026491
0.035212
-0.029054
0.185702
-0.142268
-0.202480
-0.282458
-0.222090
-0.202561
-0.049408
0.008445
-0.135417
-0.068782
-0.142182
-0.099884
-0.099136
-0.031503
-0.016952
-0.039605
0.086674
-0.083812
-0.176739
-0.080307
-0.138862
-0.130537
-0.059345
0.074311
0.040882
-0.066158
-0.082521
0.012100
0.113177
-0.087205
-0.005147
0.006754
-0.010645
0.098134
0.017518
0.038709
0.050445
0.063321
0.081500
0.156511
0.098202
0.167630
0.115529
0.251838
0.199310
0.076404
-0.002245
0.029115
-0.188646
0.024015
-0.043355
-0.041702
0.338310
0.031749
-0.233180
0.254430
0.141691
0.180813
0.100182
0.103137
-0.044296
0.146857
-0.050024
0.128791
-0.118962
0.069491
0.066423
-0.144376
-0.072869
0.096867
0.224861
0.041734
-0.151166
0.085932
-0.211915
-0.154455
-0.125243
-0.197910
-0.159124
0.024878
-0.146791
0.094939
-0.041698
0.033568
-0.180752
0.008649
-0.235935
-0.055923
0.124018
-0.177894
-0.109410
-0.141544
-0.059199
-0.272540
-0.095851
0.059220
-0.044098
0.259582
0.091763
0.155998
0.070032
-0.025624
0.039553
-0.238579
-0.369314
-0.009200
0.003750
0.044393
-0.047020
-0.139507
0.195342
0.035919
0.030435
-0.062270
0.099719
-0.033307
0.246610
0.015480
0.009561
0.118266
-0.123746
-0.191970
-0.028760
-0.073021
-0.179156
-0.006397
-0.057909
-0.069603
-0.430730
-0.155543
-0.254283
-0.062690
-0.034372
-0.194102
-0.030691
-0.143173
-0.154155
-0.308142
-0.124576
-0.170670
-0.098228
-0.086933
0.031435
-0.033303
0.024472
0.101198
-0.323440
0.147261
-0.001779
0.156779
0.057631
-0.047774
-0.201993
-0.074183
-0.098872
0.247971
0.110873
0.058242
0.122375
-0.168480
-0.042197
-0.208138
0.041641
0.001384
0.141903
0.154847
0.082498
-0.156497
0.193166
-0.230907
-0.110354
0.097280
0.150728
-0.148756
-0.031312
0.018546
0.236387
0.044354
0.072751
0.116904
0.069312
0.068060
0.032684
0.090208
-0.004797
0.120390
0.159269
-0.061890
0.095772
0.161858
0.186447
0.049266
-0.052291
0.137260
-0.198663
0.066342
0.081002
0.068677
0.134851
-0.007816
-0.084792
-0.014196
-0.185764
0.114921
-0.051263
-0.015535
0.043709
-0.011065
0.052745
-0.033488
0.038395
0.176100
0.172396
-0.058305
-0.112401
-0.172665
0.004986
0.166182
-0.076581
0.182604
-0.097945
-0.188921
-0.134081
0.115442
0.036942
-0.169824
0.059641
0.033131
0.095710
0.056194
-0.081278
0.127931
0.094808
0.116630
-0.012452
-0.030699
-0.034748
-0.025279
-0.123034
0.012404
-0.221097
0.038470
-0.124575
-0.094197
0.010992
0.039173
0.031899
-0.107700
0.259103
-0.071916
0.058354
0.143764
-0.033543
-0.045881
0.038995
0.039169
-0.258239
0.060623
-0.004595
0.014864
-0.032037
-0.213440
-0.201523
0.161211
-0.001865
0.051414
0.006974
0.086863
0.005633
-0.047952
0.052546
-0.009394
-0.157330
0.054419
0.016013
0.206028
-0.171672
0.112043
0.059989
0.036228
0.281109
-0.029171
-0.091133
0.101726
-0.078039
0.127500
0.024578
-0.171792
-0.099187
0.012306
0.026145
0.058090
-0.151813
0.117787
-0.191074
-0.166979
-0.134202
-0.068923
-0.236025
0.124361
0.134784
-0.208796
0.003093
0.124497
0.023652
-0.089268
-0.083856
0.253098
0.172754
0.187166
-0.012975
-0.178477
-0.060706
-0.015335
-0.100111
-0.176935
-0.193088
-0.261387
-0.032016
-0.237580
-0.121791
-0.245641
-0.307826
-0.112282
-0.023007
-0.182865
0.074912
0.154230
0.145454
-0.009063
0.075921
0.105457
-0.168299
-0.071080
-0.093195
0.008592
0.042275
0.027261
0.092693
-0.177049
0.108913
0.043036
-0.077742
0.127367
0.023210
-0.182056
-0.102925
-0.156241
0.038588
-0.123323
-0.120481
0.048097
-0.076453
0.043898
-0.027581
0.206283
0.007054
0.080511
0.105666
0.151660
0.180855
0.164132
-0.166732
0.071306
-0.050949
-0.046832
0.123480
0.060679
-0.067787
-0.025768
-0.029257
-0.039825
0.155914
0.066086
-0.134974
-0.015730
0.183361
0.148938
-0.158000
0.004678
-0.075454
-0.047030
-0.064301
-0.029650
-0.075804
0.128189
-0.196807
0.077057
-0.139725
0.062548
0.025696
-0.026982
0.003207
0.179737
-0.095911
0.182801
-0.005501
0.000558
-0.212517
0.108065
0.024565
-0.160738
-0.133332
-0.198676
0.250642
-0.060194
0.017060
0.111875
0.074630
0.048580
0.112851
-0.088236
0.091248
0.089696
0.119025
0.072072
-0.126058
0.103005
0.349089
0.034291
-0.191025
-0.218244
0.205144
0.028546
0.084645
-0.045502
-0.063214
-0.075561
-0.049926
0.055603
0.042259
-0.046793
0.175205
-0.267836
0.009514
0.097799
0.023669
0.002147
-0.069202
0.079348
0.081091
-0.267126
0.256354
0.139460
0.181525
-0.261490
0.005877
0.159067
0.121603
-0.166663
0.015312
-0.001196
-0.170796
-0.114158
-0.033408
0.011659
-0.087034
-0.143737
0.068660
0.025566
-0.064200
0.198821
0.033110
-0.037943
-0.160273
-0.054784
-0.069525
0.159174
0.049868
0.373505
0.078783
0.217843
0.161896
-0.219178
0.235467
0.086853
0.085396
-0.094080
-0.248189
0.082627
0.036406
0.060678
-0.243660
0.306743
-0.140320
0.180467
0.162492
-0.237231
-0.190153
0.040568
0.157912
-0.302676
0.128665
0.047906
0.225259
-0.144416
-0.322431
0.040927
0.138135
0.041513
-0.038034
-0.144432
-0.003189
0.095818
-0.075766
-0.025125
0.085967
0.036780
0.054084
0.092032
-0.116245
-0.007323
0.002548
0.107507
-0.042160
-0.044310
-0.000611
0.122790
0.118932
0.097935
0.160211
0.090697
0.127753
0.046367
-0.017193
-0.029781
-0.024236
0.000638
0.046368
0.155381
-0.125070
0.130342
-0.277763
0.086918
-0.116550
-0.238084
0.028915
-0.040196
0.015714
0.139847
0.024084
-0.153761
0.030844
0.273687
0.153339
0.010233
0.105678
-0.142096
-0.236283
0.039560
-0.081191
0.106031
-0.095132
-0.200981
-0.006490
0.152751
-0.073006
0.259730
0.083307
-0.005385
0.064128
-0.130430
0.038723
0.063471
0.198707
0.060868
-0.102545
0.025058
-0.003307
0.043706
-0.035871
0.124298
-0.131692
0.112574
-0.099727
-0.091415
-0.020171
0.150643
-0.102648
0.051430
0.016527
0.040206
-0.093601
0.178343
-0.149751
0.053971
0.068367
0.196188
0.185886
-0.102994
0.018057
0.159438
0.071755
0.226579
-0.130209
-0.123666
-0.129437
0.083476
0.051845
0.065874
0.196166
-0.044016
0.054223
-0.057687
0.060392
0.193840
0.077237
-0.094021
-0.026824
-0.173596
-0.332332
0.165481
0.007455
-0.040178
0.025023
-0.013833
-0.028420
-0.040939
-0.040395
-0.223634
-0.008629
0.156583
-0.138811
-0.017136
0.005534
0.015394
-0.126014
0.283345
0.199962
-0.179199
-0.004573
-0.112454
-0.176068
-0.127510
-0.161941
-0.150589
0.085883
-0.141007
-0.164289
-0.122001
-0.072432
0.083193
0.207163
-0.040152
-0.047363
0.102185
0.089659
0.024694
-0.050424
0.144000
0.081637
0.052257
-0.074056
-0.128952
0.157563
-0.069066
0.034447
-0.111458
0.059989
-0.079863
0.057589
0.024410
-0.118828
0.200356
0.062820
0.061826
0.117583
0.019877
0.218177
-0.030863
-0.168163
0.059822
0.074244
-0.190058
0.084168
-0.046151
-0.120910
-0.057807
-0.272974
-0.033583
-0.097168
0.093664
-0.102453
-0.232010
0.102020
0.216413
0.167793
-0.117814
0.192010
0.189730
0.149346
-0.050807
-0.174500
-0.009597
0.109218
-0.054645
-0.062482
0.185408
-0.013299
-0.297987
0.222513
0.241701
-0.296596
0.087891
0.174801
0.160988
0.050533
0.190795
-0.093045
-0.036791
0.113199
0.065578
-0.123287
0.109497
0.265501
0.057764
-0.024401
-0.043175
-0.163492
-0.080547
0.231455
-0.079950
0.012758
-0.059412
-0.025555
0.069095
0.069830
-0.047331
-0.145864
-0.201335
-0.178152
0.035095
0.075854
0.275421
0.038783
0.037107
0.038698
0.198392
-0.044992
0.092747
-0.142826
0.133355
-0.040227
0.235194
0.000109
0.137382
0.019045
-0.002479
-0.158106
-0.003253
0.086463
0.066307
0.036621
-0.054507
0.218375
-0.128429
0.102035
0.143875
0.027893
-0.012052
0.054632
-0.009816
0.019026
0.019193
0.056171
-0.087239
-0.270929
-0.148224
-0.040024
0.046670
0.212621
0.133196
-0.358043
-0.233666
-0.104780
0.025583
-0.133531
0.008194
-0.009533
0.337993
0.129513
-0.026666
0.400810
-0.113354
-0.130926
0.262789
0.160329
0.051295
0.254295
0.056375
-0.028116
0.128108
-0.021341
0.175641
-0.051294
0.064652
0.005966
0.032959
0.013187
-0.056089
-0.236428
0.006546
-0.051541
-0.065165
-0.288428
-0.140180
-0.033837
0.124442
-0.090686
0.171615
0.073946
-0.036848
-0.048602
0.257439
-0.052405
-0.139855
0.229964
0.168395
0.046710
0.149859
-0.141049
-0.128771
0.049839
-0.180806
0.092297
0.036684
-0.101310
0.030168
0.051321
-0.112837
0.049401
0.118628
-0.040598
-0.153736
-0.027721
-0.145300
0.058651
0.225321
-0.070450
0.259883
-0.077549
0.032724
0.134074
-0.108790
0.151378
-0.031301
-0.134708
-0.086086
-0.006904
0.069461
0.011055
-0.154779
-0.016701
0.072038
-0.026418
0.115372
-0.011009
0.118846
-0.031954
0.300408
-0.031956
-0.091490
-0.173693
-0.124857
0.054102
-0.231980
-0.107305
-0.148498
-0.139220
0.033899
0.080291
0.193171
-0.074422
-0.050837
0.065994
0.016718
0.172369
-0.179688
0.065589
-0.102125
-0.002431
-0.068525
-0.074954
0.044173
0.113136
-0.001987
-0.023473
0.169998
0.016601
0.048017
0.099182
0.005153
0.163386
-0.105419
-0.134843
-0.134291
-0.113052
0.016131
0.164344
0.212768
-0.054679
0.169440
-0.039538
0.079215
-0.042982
-0.257412
-0.125262
0.188164
-0.250924
0.053832
0.134269
0.167497
0.357225
0.055362
-0.014949
0.185476
0.056885
0.013187
0.100581
-0.047184
0.111922
-0.069695
0.156819
0.246210
0.025605
-0.081684
-0.243531
0.009803
0.036715
0.131423
0.018145
-0.081944
-0.016048
-0.018810
0.033620
-0.013371
0.096841
0.026345
-0.065552
0.074730
-0.123176
-0.390537
-0.100242
-0.104356
-0.177328
-0.093851
-0.174656
0.074475
-0.047742
-0.004536
-0.090929
-0.019918
-0.129626
-0.097045
0.111598
0.154819
0.092343
0.005269
0.005509
0.328504
0.037512
-0.069375
-0.192684
-0.046961
-0.075851
0.341654
0.095703
-0.036057
-0.076726
0.072007
0.088582
0.165569
0.037358
-0.009661
-0.026200
0.037654
0.372776
0.169484
-0.157467
-0.236137
-0.150878
-0.119242
0.049939
-0.125671
-0.087877
-0.295236
-0.177360
-0.136924
-0.018838
-0.179934
-0.067442
-0.034858
0.027161
0.234651
