0.00000000000000000000
0.00000000000000000000
0.00000000000000000000
0.00000000000000000000
0.00000000000000000000
0.00000000000000000000
0.00000000000000000000
-0.00078333332203328609
-0.00406666658818721770
-0.00486666662618517880
-0.00666666682809591290
-0.00593333318829536440
-0.00380000006407499310
-0.00053333333926275373
-0.00188333331607282160
-0.00073333334876224399
-0.00066666665952652693
0.00000000000000000000
-0.00190000003203749660
-0.00025000001187436283
0.00000000000000000000
-0.00053333333926275373
-0.00051666668150573969
0.00000000000000000000
0.00000000000000000000
0.00000000000000000000
0.00000000000000000000
0.00000000000000000000
0.00000000000000000000
0.00000000000000000000
0.00000000000000000000
0.00000000000000000000
-0.00063333334401249886
0.00000000000000000000
-0.00018333333719056100
-0.01973333396017551400
-0.05081666633486747700
-0.07946666330099105800
-0.09856666624546051000
-0.07639999687671661400
-0.04368333518505096400
-0.01824999973177909900
-0.00824999995529651640
-0.00386666669510304930
-0.00396666675806045530
-0.00728333322331309320
-0.00531666679307818410
-0.01218333374708890900
-0.01526666712015867200
-0.01269999984651804000
-0.00098333333153277636
0.00000000000000000000
0.00000000000000000000
0.00000000000000000000
0.00000000000000000000
0.00000000000000000000
0.00000000000000000000
0.00000000000000000000
-0.00106666667852550750
-0.00323333335109055040
-0.00521666649729013440
-0.01031666621565818800
-0.02749999985098838800
-0.10766666382551193000
-0.32936665415763855000
-0.51201665401458740000
-0.52303332090377808000
-0.42088332772254944000
-0.24203333258628845000
-0.12261666357517242000
-0.05416666716337204000
-0.04509999975562095600
-0.07433333247900009200
-0.11219999939203262000
-0.18050000071525574000
-0.28631666302680969000
-0.33199998736381531000
-0.28423333168029785000
-0.18708333373069763000
-0.06416666507720947300
-0.01585000008344650300
-0.00156666664406657220
0.00000000000000000000
0.00000000000000000000
0.00000000000000000000
0.00000000000000000000
-0.00069999997504055500
-0.00584999984130263330
-0.01434999983757734300
-0.06334999948740005500
-0.22143332660198212000
-0.59565001726150513000
-1.31735002994537350000
-1.71938335895538330000
-1.67458331584930420000
-1.28036665916442870000
-0.87881666421890259000
-0.60733336210250854000
-0.46618333458900452000
-0.50558334589004517000
-0.62296664714813232000
-0.95335000753402710000
-1.52014994621276860000
-2.04381656646728520000
-2.25566673278808590000
-1.83920001983642580000
-1.08796668052673340000
-0.41876667737960815000
-0.12219999730587006000
-0.01778333261609077500
-0.00063333334401249886
0.00000000000000000000
0.00000000000000000000
-0.00026666666963137686
-0.00694999983534216880
-0.01201666705310344700
-0.08088333159685134900
-0.39546665549278259000
-1.11951661109924320000
-2.31240010261535640000
-3.74813342094421390000
-4.44581651687622070000
-4.28908348083496090000
-3.64608335494995120000
-3.06883335113525390000
-2.91783332824707030000
-3.06558322906494140000
-3.56056666374206540000
-4.46996688842773440000
-5.95223331451416020000
-7.62144994735717770000
-8.72351646423339840000
-8.51305007934570310000
-6.63258314132690430000
-3.94443345069885250000
-1.73269999027252200000
-0.54363334178924561000
-0.12778332829475403000
-0.03545000031590461700
-0.00253333337604999540
0.00000000000000000000
-0.00091666664229705930
-0.00548333348706364630
-0.06976666301488876300
-0.41021665930747986000
-1.46340000629425050000
-3.28990006446838380000
-5.92876672744750980000
-8.48346710205078130000
-9.80663299560546870000
-9.87643337249755860000
-9.55389976501464840000
-9.60744953155517580000
-10.63416671752929700000
-12.35126686096191400000
-14.40814971923828100000
-16.52896690368652300000
-18.52440071105957000000
-20.41786575317382800000
-21.73446655273437500000
-20.69408416748046900000
-16.90048408508300800000
-10.84536647796630900000
-5.01473331451416020000
-1.60084998607635500000
-0.47450000047683716000
-0.16308332979679108000
-0.01558333355933427800
0.00000000000000000000
-0.00928333308547735210
-0.04710000008344650300
-0.21208333969116211000
-1.04323327541351320000
-3.58778333663940430000
-7.43646669387817380000
-12.43605041503906300000
-16.81818389892578100000
-19.52648353576660200000
-20.53931617736816400000
-21.13323402404785200000
-22.77798271179199200000
-25.55380058288574200000
-28.52806663513183600000
-30.98831748962402300000
-32.55491638183593700000
-33.45119857788085900000
-34.91083145141601600000
-36.83316802978515600000
-37.08521652221679700000
-32.80946731567382800000
-23.39063262939453100000
-12.03091621398925800000
-4.20331668853759770000
-1.40550005435943600000
-0.53828334808349609000
-0.04163333401083946200
0.00000000000000000000
-0.02428333275020122500
-0.13840000331401825000
-0.54610002040863037000
-2.41928339004516600000
-7.22781658172607420000
37.74556732177734400000
54.54820251464843800000
-29.59740066528320300000
-34.50481796264648400000
-37.18903350830078100000
-39.85451507568359400000
-43.57503509521484400000
-47.58371734619140600000
-50.50838470458984400000
-51.20963287353515600000
-49.94473266601562500000
-48.17634963989257800000
-48.18256759643554700000
-50.97906494140625000000
-53.79403305053710900000
-51.57088470458984400000
-40.63853454589843800000
-23.94013404846191400000
-9.14358329772949220000
-3.18078327178955080000
-1.19934999942779540000
-0.08919999748468399000
0.00000000000000000000
-0.04371666535735130300
-0.26418334245681763000
-1.15441668033599850000
-4.77575016021728520000
155.98287963867187000000
225.86224365234375000000
214.70521545410156000000
-15.93014907836914100000
-54.70090103149414100000
-59.71511840820312500000
-64.08921813964843700000
-68.97133636474609400000
-72.63223266601562500000
-73.75061798095703100000
-71.44042968750000000000
-47.31171417236328100000
73.53946685791015600000
189.72314453125000000000
185.64984130859375000000
179.13049316406250000000
103.57626342773437000000
-60.96918487548828100000
-40.25658416748046900000
-16.82761573791503900000
-6.14340019226074220000
-2.31608343124389650000
-0.12821666896343231000
0.00000000000000000000
-0.06409999728202819800
-0.50661665201187134000
-2.21589994430541990000
160.60559082031250000000
231.78208923339844000000
215.71148681640625000000
156.10157775878906000000
-50.10700225830078100000
-78.13803100585937500000
-83.39873504638671900000
-87.20966339111328100000
-90.25669860839843700000
-91.67365264892578100000
-90.36918640136718800000
-7.73221588134765630000
122.11373138427734000000
183.78196716308594000000
187.00552368164062000000
181.72848510742187000000
171.84039306640625000000
165.74800109863281000000
36.99459838867187500000
-58.89248275756835900000
-27.07681655883789100000
-9.82870006561279300000
-3.51143336296081540000
-0.19673334062099457000
0.00000000000000000000
-0.12013333290815353000
-0.86680001020431519000
112.36036682128906000000
239.68972778320312000000
221.49960327148437000000
156.88459777832031000000
-48.76471710205078100000
-90.29138183593750000000
-99.03869628906250000000
-100.22589874267578000000
-98.78058624267578100000
-97.89381408691406200000
-71.88842010498046900000
102.92301940917969000000
156.61895751953125000000
169.29295349121094000000
178.31857299804687000000
181.25335693359375000000
175.11968994140625000000
162.59408569335937000000
152.01486206054687000000
23.88856506347656200000
-77.26886749267578100000
-38.10338211059570300000
-13.86933326721191400000
-4.85021686553955080000
-0.33601665496826172000
0.00000000000000000000
-0.16073332726955414000
-1.29008328914642330000
119.56199645996094000000
233.52270507812500000000
208.79364013671875000000
-38.91281890869140600000
-94.10308074951171900000
-108.47571563720703000000
-110.60046386718750000000
-103.16881561279297000000
-94.86685180664062500000
84.91726684570312500000
142.90226745605469000000
159.71145629882812000000
158.75756835937500000000
163.55157470703125000000
92.26329803466796900000
-51.58328247070312500000
-39.63466644287109400000
155.11370849609375000000
140.54425048828125000000
9.89949798583984370000
-92.03220367431640600000
-47.04378509521484400000
-16.71833419799804700000
-5.98023319244384770000
-0.42996665835380554000
-0.00209999992512166500
-0.17418333888053894000
-1.87035000324249270000
163.59295654296875000000
225.96331787109375000000
154.09614562988281000000
-77.27846527099609400000
-111.57948303222656000000
-119.43541717529297000000
-110.78755187988281000000
-17.89213562011718800000
46.31646728515625000000
166.29324340820312000000
166.13269042968750000000
155.17105102539062000000
83.95288085937500000000
39.86398315429687500000
-77.58654785156250000000
-83.12220001220703100000
-69.96743011474609400000
146.26544189453125000000
130.40600585937500000000
0.47568511962890625000
-99.70438385009765600000
-51.60874938964843800000
-18.10001754760742200000
-6.44481658935546870000
-0.52598333358764648000
-0.00783333368599414830
-0.17743332684040070000
-2.52994990348815920000
245.30326843261719000000
217.78784179687500000000
68.19584655761718800000
-106.23296356201172000000
-124.99991607666016000000
-123.39385223388672000000
12.44638061523437500000
164.04718017578125000000
179.65722656250000000000
173.63088989257812000000
136.03344726562500000000
25.57868194580078100000
-111.20420074462891000000
-115.85739898681641000000
-101.95041656494141000000
-95.12993621826171900000
-81.40631866455078100000
135.66049194335938000000
122.62770080566406000000
40.69774627685546900000
-99.16466522216796900000
-50.96224975585937500000
-17.77540016174316400000
-6.25923347473144530000
-0.59068334102630615000
-0.00359999993816018100
-0.18931666016578674000
-3.20161676406860350000
243.11691284179687000000
211.15919494628906000000
90.89727020263671900000
-112.50611877441406000000
-10.75910949707031300000
85.96195220947265600000
147.95278930664062000000
173.57716369628906000000
176.85493469238281000000
69.66130065917968800000
-76.37183380126953100000
-130.26724243164062000000
-135.68943786621094000000
-126.47341918945313000000
-112.61650085449219000000
-106.55719757080078000000
-92.44548034667968800000
128.04757690429688000000
121.15510559082031000000
132.38644409179687000000
-90.59210205078125000000
-45.43758392333984400000
-15.80766677856445300000
-5.57051658630371090000
-0.68803334236145020000
-0.00015000000712461770
-0.17415000498294830000
-3.62555003166198730000
136.76263427734375000000
207.74740600585937000000
162.40020751953125000000
81.90184783935546900000
112.60130310058594000000
130.65934753417969000000
153.61161804199219000000
146.47497558593750000000
58.57444763183593800000
-89.71451568603515600000
-123.97206878662109000000
-139.55360412597656000000
-139.11004638671875000000
-127.42665100097656000000
-115.43692016601562000000
-112.20138549804687000000
-97.80345153808593800000
127.44425201416016000000
128.13195800781250000000
145.81413269042969000000
-75.58350372314453100000
-36.74453353881835900000
-13.12355041503906300000
-4.45076656341552730000
-0.59206664562225342000
0.00000000000000000000
-0.18693333864212036000
-3.72198343276977540000
79.87538146972656200000
173.66116333007813000000
164.07606506347656000000
131.28866577148437000000
119.66134643554687000000
130.26995849609375000000
93.66678619384765600000
-30.86858367919921900000
-97.29280090332031300000
-113.03786468505859000000
-129.80654907226562000000
-137.10063171386719000000
-131.80450439453125000000
-121.05681610107422000000
-112.24483489990234000000
-111.34793090820312000000
-110.92461395263672000000
49.78375244140625000000
142.97419738769531000000
165.29357910156250000000
-57.58613204956054700000
-27.44178390502929700000
-10.49804973602294900000
-3.53493332862854000000
-0.48273333907127380000
0.00000000000000000000
-0.15365000069141388000
-3.39254999160766600000
-11.81351661682128900000
-9.14144897460937500000
41.81874847412109400000
27.96666717529296900000
-61.67753601074218800000
-57.14409637451171900000
-100.88206481933594000000
-104.42753601074219000000
-107.48258209228516000000
-117.58110046386719000000
-126.59954833984375000000
-128.08575439453125000000
-121.43656921386719000000
-111.21810150146484000000
-104.52414703369141000000
-105.01828002929687000000
-107.43250274658203000000
39.19416809082031200000
163.53399658203125000000
89.02694702148437500000
-40.19380187988281200000
-19.10858345031738300000
-7.79116678237915040000
-2.59181666374206540000
-0.34351667761802673000
0.00000000000000000000
-0.10011667013168335000
-2.80293321609497070000
-9.54366683959960940000
-31.32821655273437500000
-65.94281768798828100000
-96.10811614990234400000
-113.54666900634766000000
-116.26093292236328000000
-111.07826995849609000000
-106.28118133544922000000
-105.50942993164062000000
-107.42671966552734000000
-108.88033294677734000000
-106.99451446533203000000
-101.34030151367187000000
-95.37232971191406300000
-92.62658691406250000000
-93.61858367919921900000
-87.27738189697265600000
82.12361907958984400000
186.40872192382812000000
77.66628265380859400000
-25.49723243713378900000
-12.11415004730224600000
-5.22193336486816410000
-1.70116662979125980000
-0.20043332874774933000
0.00000000000000000000
-0.07123333215713501000
-2.04438328742980960000
-6.86304998397827150000
-22.92393302917480500000
-49.79383468627929700000
-75.16536712646484400000
-93.74427032470703100000
-100.61060333251953000000
-99.14691925048828100000
-94.22187042236328100000
-89.02950286865234400000
-84.51888275146484400000
-81.15763092041015600000
-79.55394744873046900000
-78.37926483154296900000
-77.35478210449218800000
-77.26148223876953100000
-76.62743377685546900000
-51.88330078125000000000
191.76434326171875000000
207.40261840820313000000
94.26918029785156300000
-15.23983287811279300000
-7.21490001678466800000
-3.16213321685791020000
-1.00859999656677250000
-0.08886666595935821500
0.00000000000000000000
-0.05381666496396064800
-1.20211660861968990000
-4.19364976882934570000
-14.83101654052734400000
-34.34983444213867200000
-54.03711700439453100000
-69.77793121337890600000
-77.31803131103515600000
-77.04055023193359400000
-71.84906768798828100000
-64.94435119628906300000
-58.58716583251953100000
-55.22586822509765600000
-56.09656524658203100000
-58.28290176391601600000
-59.60733413696289100000
-59.32851791381835900000
-56.70108413696289100000
-30.80025100708007800000
212.04750061035156000000
220.44332885742187000000
24.09654998779296900000
-8.52368354797363280000
-3.95933341979980470000
-1.69133329391479490000
-0.54028332233428955000
-0.04563333466649055500
0.00000000000000000000
-0.02136666700243949900
-0.63344997167587280000
-2.27463340759277340000
-8.66139984130859380000
-21.51000022888183600000
-35.31248474121093700000
-46.83288192749023400000
-52.89759826660156300000
-52.70576477050781300000
-48.31724929809570300000
-42.49688339233398400000
-38.26345062255859400000
-37.20460128784179700000
-38.94306564331054700000
-41.25093460083007800000
-42.04033279418945300000
-40.80830001831054700000
-37.76256561279296900000
4.30603408813476560000
228.05596923828125000000
230.70417785644531000000
-9.16145038604736330000
-4.41923332214355470000
-1.99318337440490720000
-0.82538330554962158000
-0.23839999735355377000
-0.01928333379328250900
0.00000000000000000000
-0.01008333358913660000
-0.29616665840148926000
-1.06103336811065670000
-4.54796648025512700000
-12.39031696319580100000
-20.99189949035644500000
-28.14391708374023400000
-31.81061744689941400000
-31.44841575622558600000
-28.47818374633789100000
-25.34110069274902300000
-23.73923301696777300000
-23.97279930114746100000
-25.53746604919433600000
-26.98011589050293000000
-26.72876739501953100000
-24.94275093078613300000
-22.54671669006347700000
131.22703552246094000000
239.37138366699219000000
238.48851013183594000000
-4.70896673202514650000
-2.20506668090820310000
-0.95123332738876343000
-0.37058332562446594000
-0.07526666671037674000
-0.01511666644364595400
0.00000000000000000000
-0.00353333330713212490
-0.09398332983255386400
-0.41306665539741516000
-2.13701677322387700000
-6.63911676406860350000
-11.44243335723877000000
-15.20104980468750000000
-16.35766601562500000000
-15.39271640777587900000
-13.49816703796386700000
-12.58021640777587900000
-12.71210002899169900000
-13.64375019073486300000
-14.61625003814697300000
-14.89060020446777300000
-14.24311637878418000000
-12.83479976654052700000
-11.38233375549316400000
140.84364318847656000000
246.46249389648437000000
164.89091491699219000000
-2.22501659393310550000
-0.98164999485015869000
-0.39963334798812866000
-0.13981667160987854000
-0.01616666652262210800
-0.00200000009499490260
0.00000000000000000000
0.00000000000000000000
-0.03521666675806045500
-0.16208332777023315000
-0.86290001869201660000
-2.99271655082702640000
-5.38776683807373050000
-7.03366661071777340000
-7.18566656112670900000
-5.96113348007202150000
-4.60050010681152340000
-3.98988342285156250000
-4.29471683502197270000
-5.10268354415893550000
-5.72158336639404300000
-5.82828330993652340000
-5.61555004119873050000
-5.15665006637573240000
-4.57905006408691410000
146.35995483398437000000
250.28611755371094000000
115.29701995849609000000
-0.83513331413269043000
-0.31036666035652161000
-0.10181666910648346000
-0.03126666694879531900
-0.00051666668150573969
0.00000000000000000000
0.00000000000000000000
0.00000000000000000000
-0.00863333325833082200
-0.02776666730642318700
-0.20774999260902405000
-0.84366667270660400000
-1.85558331012725830000
-2.58303332328796390000
-2.60661673545837400000
-1.89796662330627440000
-1.15009999275207520000
-0.60453331470489502000
-0.44325000047683716000
-0.58469998836517334000
-0.82029998302459717000
-1.07956671714782710000
-1.28709995746612550000
-1.41666662693023680000
-1.29855000972747800000
145.93150329589844000000
252.25083923339844000000
116.55618286132812000000
-0.18911667168140411000
-0.05796666815876960800
-0.02218333259224891700
-0.00356666673906147480
-0.00098333333153277636
0.00000000000000000000
0.00000000000000000000
0.00000000000000000000
0.00000000000000000000
-0.00279999990016222000
-0.02965000085532665300
-0.14163333177566528000
-0.37270000576972961000
-0.51310002803802490000
-0.48158332705497742000
-0.35183334350585938000
-0.22183333337306976000
-0.12449999898672104000
-0.07978333532810211200
-0.08298332989215850800
-0.09245000034570694000
-0.14821666479110718000
-0.19149999320507050000
-0.21003332734107971000
-0.15393333137035370000
9.85330009460449220000
122.88831329345703000000
56.94094848632812500000
-0.01783333346247673000
-0.00961666647344827650
-0.00193333334755152460
-0.00173333333805203440
0.00000000000000000000
0.00000000000000000000
0.00000000000000000000
0.00000000000000000000
0.00000000000000000000
0.00000000000000000000
-0.00203333329409360890
-0.00469999993219971660
-0.03030000068247318300
-0.03188333287835121200
-0.02718333341181278200
-0.02821666747331619300
-0.01873333379626274100
-0.00816666707396507260
-0.01016666647046804400
-0.01086666621267795600
-0.00221666670404374600
-0.01083333324640989300
-0.01229999959468841600
-0.00888333376497030260
-0.01218333374708890900
-0.00683333352208137510
-0.00168333330657333140
-0.00065000000176951289
-0.00120000005699694160
0.00000000000000000000
0.00000000000000000000
0.00000000000000000000
0.00000000000000000000
0.00000000000000000000
