0.00000000000000000000
0.00000000000000000000
0.00000000000000000000
0.00000000000000000000
0.00000000000000000000
0.00000000000000000000
0.00000000000000000000
-0.00156666664406657220
-0.00813333317637443540
-0.00973333325237035750
-0.01333333365619182600
-0.01186666637659072900
-0.00760000012814998630
-0.00106666667852550750
-0.00376666663214564320
-0.00146666669752448800
-0.00133333331905305390
0.00000000000000000000
-0.00380000006407499310
-0.00050000002374872565
0.00000000000000000000
-0.00106666667852550750
-0.00103333336301147940
0.00000000000000000000
0.00000000000000000000
0.00000000000000000000
0.00000000000000000000
0.00000000000000000000
0.00000000000000000000
0.00000000000000000000
0.00000000000000000000
0.00000000000000000000
-0.00126666668802499770
0.00000000000000000000
-0.00036666667438112199
-0.03946666792035102800
-0.10163333266973495000
-0.15893332660198212000
-0.19713333249092102000
-0.15279999375343323000
-0.08736667037010192900
-0.03649999946355819700
-0.01649999991059303300
-0.00773333339020609860
-0.00793333351612091060
-0.01456666644662618600
-0.01063333358615636800
-0.02436666749417781800
-0.03053333424031734500
-0.02539999969303607900
-0.00196666666306555270
0.00000000000000000000
0.00000000000000000000
0.00000000000000000000
0.00000000000000000000
0.00000000000000000000
0.00000000000000000000
0.00000000000000000000
-0.00213333335705101490
-0.00646666670218110080
-0.01043333299458026900
-0.02063333243131637600
-0.05499999970197677600
-0.21533332765102386000
-0.65873330831527710000
-1.02403330802917480000
-1.04606664180755620000
-0.84176665544509888000
-0.48406666517257690000
-0.24523332715034485000
-0.10833333432674408000
-0.09019999951124191300
-0.14866666495800018000
-0.22439999878406525000
-0.36100000143051147000
-0.57263332605361938000
-0.66399997472763062000
-0.56846666336059570000
-0.37416666746139526000
-0.12833333015441895000
-0.03170000016689300500
-0.00313333328813314440
0.00000000000000000000
0.00000000000000000000
0.00000000000000000000
0.00000000000000000000
-0.00139999995008111000
-0.01169999968260526700
-0.02869999967515468600
-0.12669999897480011000
-0.44286665320396423000
-1.19130003452301030000
-2.63470005989074710000
-3.43876671791076660000
-3.34916663169860840000
-2.56073331832885740000
-1.75763332843780520000
-1.21466672420501710000
-0.93236666917800903000
-1.01116669178009030000
-1.24593329429626460000
-1.90670001506805420000
-3.04029989242553710000
-4.08763313293457030000
-4.51133346557617190000
-3.67840003967285160000
-2.17593336105346680000
-0.83753335475921631000
-0.24439999461174011000
-0.03556666523218154900
-0.00126666668802499770
0.00000000000000000000
0.00000000000000000000
-0.00053333333926275373
-0.01389999967068433800
-0.02403333410620689400
-0.16176666319370270000
-0.79093331098556519000
-2.23903322219848630000
-4.62480020523071290000
-7.49626684188842770000
-8.89163303375244140000
-8.57816696166992190000
-7.29216670989990230000
-6.13766670227050780000
-5.83566665649414060000
-6.13116645812988280000
-7.12113332748413090000
-8.93993377685546870000
-11.90446662902832000000
-15.24289989471435500000
-17.44703292846679700000
-17.02610015869140600000
-13.26516628265380900000
-7.88886690139770510000
-3.46539998054504390000
-1.08726668357849120000
-0.25556665658950806000
-0.07090000063180923500
-0.00506666675209999080
0.00000000000000000000
-0.00183333328459411860
-0.01096666697412729300
-0.13953332602977753000
-0.82043331861495972000
-2.92680001258850100000
-6.57980012893676760000
-11.85753345489502000000
-16.96693420410156300000
-19.61326599121093800000
-19.75286674499511700000
-19.10779953002929700000
-19.21489906311035200000
-21.26833343505859400000
-24.70253372192382800000
-28.81629943847656300000
-33.05793380737304700000
-37.04880142211914100000
-40.83573150634765600000
-43.46893310546875000000
-41.38816833496093800000
-33.80096817016601600000
-21.69073295593261700000
-10.02946662902832000000
-3.20169997215271000000
-0.94900000095367432000
-0.32616665959358215000
-0.03116666711866855600
0.00000000000000000000
-0.01856666617095470400
-0.09420000016689300500
-0.42416667938232422000
-2.08646655082702640000
-7.17556667327880860000
-14.87293338775634800000
-24.87210083007812500000
-33.63636779785156300000
-39.05296707153320300000
-41.07863235473632800000
-42.26646804809570300000
-45.55596542358398400000
-51.10760116577148400000
-51.05613327026367200000
-50.97663497924804700000
-54.10983276367187500000
-60.90239715576171900000
-69.82166290283203100000
-73.66633605957031300000
-74.17043304443359400000
-65.61893463134765600000
-46.78126525878906300000
-24.06183242797851600000
-8.40663337707519530000
-2.81100010871887210000
-1.07656669616699220000
-0.08326666802167892500
0.00000000000000000000
-0.04856666550040245100
-0.27680000662803650000
-1.09220004081726070000
-4.83856678009033200000
-14.45563316345214800000
-28.50886726379394500000
-44.90359878540039100000
-59.19480133056640600000
-69.00963592529296900000
-74.37806701660156300000
-79.70903015136718800000
-51.15007019042968700000
45.83256530761718800000
115.98322296142578000000
150.58074951171875000000
153.11053466796875000000
116.64730834960937000000
2.63486480712890620000
-93.95812988281250000000
-107.58806610107422000000
-103.14176940917969000000
-81.27706909179687500000
-47.88026809692382800000
-18.28716659545898400000
-6.36156654357910160000
-2.39869999885559080000
-0.17839999496936798000
0.00000000000000000000
-0.08743333071470260600
-0.52836668491363525000
-2.30883336067199710000
-9.55150032043457030000
-26.03423309326171900000
-48.27550125122070300000
-72.58956909179687500000
-93.86029815673828100000
-103.40180206298828000000
-87.43023681640625000000
24.82156372070312500000
100.05731964111328000000
107.73553466796875000000
105.49877166748047000000
110.11914062500000000000
113.37657928466797000000
132.07891845703125000000
136.44628906250000000000
-87.70030212402343800000
-137.73899841308594000000
-140.84747314453125000000
-121.93836975097656000000
-80.51316833496093800000
-33.65523147583007800000
-12.28680038452148400000
-4.63216686248779300000
-0.25643333792686462000
0.00000000000000000000
-0.12819999456405640000
-1.01323330402374270000
-4.43179988861083980000
-16.78883361816406300000
-42.43583297729492200000
-74.57703399658203100000
-107.79683685302734000000
-63.21400451660156300000
41.72393798828125000000
86.20252227783203100000
78.58068084716796900000
72.48660278320312500000
41.65270233154296900000
-60.73837280273437500000
-93.46443176269531300000
-105.77253723144531000000
88.56393432617187500000
121.01105499267578000000
-14.54302978515625000000
-162.31919860839844000000
-174.50399780273437000000
-162.01080322265625000000
-117.78496551513672000000
-54.15363311767578100000
-19.65740013122558600000
-7.02286672592163090000
-0.39346668124198914000
0.00000000000000000000
-0.24026666581630707000
-1.73360002040863040000
-7.27926683425903320000
-26.62053298950195300000
-63.00080108642578100000
43.76919937133789100000
81.47057342529296900000
69.41723632812500000000
54.92260742187500000000
52.54821014404296900000
0.43882751464843750000
-165.78762817382812000000
-177.77684020996094000000
-190.15396118164062000000
-182.76206970214844000000
-167.41409301757812000000
64.63715362548828100000
109.50672149658203000000
-37.76060485839843700000
-180.81182861328125000000
-201.97026062011719000000
-198.22286987304687000000
-154.53773498535156000000
-76.20676422119140600000
-27.73866653442382800000
-9.70043373107910160000
-0.67203330993652344000
0.00000000000000000000
-0.32146665453910828000
-2.58016657829284670000
-10.87600040435791000000
-38.95460128784179700000
96.58727264404296900000
100.17436981201172000000
64.79383087158203100000
30.04857635498046900000
-82.20092773437500000000
-137.33763122558594000000
-170.73370361328125000000
-182.16546630859375000000
-182.19546508789063000000
-186.57707214355469000000
-188.48486328125000000000
-157.89683532714844000000
66.52660369873046900000
99.83343505859375000000
-136.26933288574219000000
-195.77259826660156000000
-224.91149902343750000000
-226.20100402832031000000
-184.06440734863281000000
-94.08757019042968800000
-33.43666839599609400000
-11.96046638488769500000
-0.85993331670761108000
-0.00419999985024333000
-0.34836667776107788000
-3.74070000648498540000
-14.81410026550293000000
-54.07336807250976600000
112.19229125976562000000
-47.55693054199218800000
-134.15896606445312000000
-225.87083435058594000000
-221.57510375976562000000
-187.78427124023437000000
-163.36706542968750000000
-159.41349792480469000000
-173.73460388183594000000
-195.65789794921875000000
-210.09423828125000000000
-142.27203369140625000000
73.82690429687500000000
75.75560760498046900000
-154.93486022949219000000
-213.46913146972656000000
-245.18800354003906000000
-245.04862976074219000000
-199.40876770019531000000
-103.21749877929687000000
-36.20003509521484400000
-12.88963317871093700000
-1.05196666717529300000
-0.01566666737198829700
-0.35486665368080139000
-5.05989980697631840000
-19.39346694946289100000
-70.42433166503906300000
-123.60830688476562000000
-212.46592712402344000000
-249.99983215332031000000
-246.78770446777344000000
-209.10723876953125000000
-165.90563964843750000000
-146.68553161621094000000
-158.73823547363281000000
-193.93310546875000000000
-230.84263610839844000000
-246.40840148925781000000
-133.71479797363281000000
49.09917449951171900000
-7.25987243652343750000
-202.81263732910156000000
-234.67903137207031000000
-260.74459838867187000000
-250.60450744628906000000
-198.32933044433594000000
-101.92449951171875000000
-35.55080032348632800000
-12.51846694946289100000
-1.18136668205261230000
-0.00719999987632036210
-0.37863332033157349000
-6.40323352813720700000
-23.76616668701171900000
-83.68160247802734400000
-170.20545959472656000000
-237.01223754882813000000
-265.51821899414062000000
-246.07609558105469000000
-198.09440612792969000000
-158.84567260742187000000
-152.29013061523437000000
-178.67739868164062000000
-222.74366760253906000000
-260.53448486328125000000
-271.37887573242187000000
-93.94683837890625000000
25.76699829101562500000
-104.11439514160156000000
-224.89096069335937000000
-249.90483093261719000000
-263.68978881835937000000
-241.22712707519531000000
-181.18420410156250000000
-90.87516784667968800000
-31.61533355712890600000
-11.14103317260742200000
-1.37606668472290040000
-0.00030000001424923539
-0.34830000996589661000
-7.25110006332397460000
-26.47473335266113300000
-90.50520324707031300000
-181.19956970214844000000
-248.19630432128906000000
-270.79739379882813000000
-244.68130493164062000000
-198.77676391601562000000
-169.05003356933594000000
-170.85110473632812000000
-203.42903137207031000000
-247.94413757324219000000
-279.10720825195312000000
-277.22009277343750000000
-93.85330200195312500000
-113.87384033203125000000
-224.40277099609375000000
-235.60690307617187000000
-251.11149597167969000000
-244.73606872558594000000
-173.37173461914062000000
10.83299255371093700000
53.51092910766601600000
-26.24710083007812500000
-8.90153312683105470000
-1.18413329124450680000
0.00000000000000000000
-0.37386667728424072000
-7.44396686553955080000
-26.24923324584960900000
-88.67766571044921900000
-177.84786987304687000000
-243.42266845703125000000
-266.67730712890625000000
-245.46009826660156000000
-208.66642761230469000000
-187.73716735839844000000
-194.58560180664062000000
-226.07572937011719000000
-259.61309814453125000000
-274.20126342773437000000
-258.60900878906250000000
-26.11363220214843800000
-209.48966979980469000000
-222.69586181640625000000
-201.84922790527344000000
-106.43249511718750000000
25.94839477539062500000
77.58716583251953100000
137.82772827148437000000
198.11642456054687000000
-20.99609947204589800000
-7.06986665725708010000
-0.96546667814254761000
0.00000000000000000000
-0.30730000138282776000
-6.78509998321533200000
-23.62703323364257800000
-78.28289794921875000000
-160.36250305175781000000
-224.06666564941406000000
-253.35507202148437000000
-244.28819274902344000000
-221.76412963867187000000
-208.85507202148437000000
-214.96516418457031000000
-235.16220092773437000000
-247.19909667968750000000
-221.17150878906250000000
-85.87313842773437500000
-17.43620300292968800000
4.95170593261718750000
3.96343994140625000000
19.13499450683593800000
45.38833618164062500000
74.06799316406250000000
121.05389404296875000000
172.61239624023437000000
163.78283691406250000000
-15.58233356475830100000
-5.18363332748413090000
-0.68703335523605347000
0.00000000000000000000
-0.20023334026336670000
-5.60586643218994140000
-19.08733367919921900000
-62.65643310546875000000
-131.88563537597656000000
-192.21623229980469000000
-227.09333801269531000000
-232.52186584472656000000
-173.15653991699219000000
-52.56236267089843700000
-42.01885986328125000000
-45.85343933105468700000
-16.76066589355468700000
39.01097869873046900000
50.31939697265625000000
62.25534057617187500000
67.74682617187500000000
65.76282501220703100000
68.44524383544921900000
63.24724578857421900000
-3.18254089355468750000
-6.66743469238281250000
33.00553894042968700000
-6.22830009460449220000
-10.44386672973632800000
-3.40233325958251950000
-0.40086665749549866000
0.00000000000000000000
-0.14246666431427002000
-4.08876657485961910000
-13.72609996795654300000
-45.84786605834960900000
-93.58766937255859400000
-81.33073425292968800000
-37.48854064941406300000
22.77879333496093800000
45.70616912841796900000
64.55626678466796900000
74.94098663330078100000
83.96222686767578100000
90.68474578857421900000
93.89209747314453100000
74.24146270751953100000
-26.70956420898437500000
-30.52296447753906300000
-124.25486755371094000000
-113.76660156250000000000
-102.47129821777344000000
-91.19476318359375000000
-57.46163177490234400000
-30.47966575622558600000
-14.42980003356933600000
-6.32426643371582030000
-2.01719999313354490000
-0.17773333191871643000
0.00000000000000000000
-0.10763332992792130000
-2.40423321723937990000
-8.38729953765869140000
-29.66203308105468800000
88.30032348632812500000
144.92578125000000000000
113.44414520263672000000
98.36394500732421900000
75.91889190673828100000
29.30186462402343800000
43.11129760742187500000
40.82566833496093800000
-36.45173645019531200000
-38.19313049316406300000
-101.56580352783203000000
-119.21466827392578000000
-118.65703582763672000000
-113.40216827392578000000
-101.60050201416016000000
-81.90499877929687500000
-57.11333465576171900000
-33.80690002441406200000
-17.04736709594726600000
-7.91866683959960940000
-3.38266658782958980000
-1.08056664466857910000
-0.09126666933298111000
0.00000000000000000000
-0.04273333400487899800
-1.26689994335174560000
-4.54926681518554690000
-17.32279968261718800000
210.98001098632812000000
110.37503051757812000000
26.33423233032226600000
-33.79519653320312500000
-91.41152954101562500000
-96.63449859619140600000
-84.99376678466796900000
-76.52690124511718800000
-74.40920257568359400000
-77.88613128662109400000
-82.50186920166015600000
-84.08066558837890600000
-81.61660003662109400000
-75.52513122558593700000
-65.38793182373046900000
-49.88806533813476600000
-32.59163284301757800000
-18.32290077209472700000
-8.83846664428710940000
-3.98636674880981450000
-1.65076661109924320000
-0.47679999470710754000
-0.03856666758656501800
0.00000000000000000000
-0.02016666717827320100
-0.59233331680297852000
-2.12206673622131350000
-9.09593296051025390000
79.21936035156250000000
-29.98379898071289100000
-56.28783416748046900000
-63.62123489379882800000
-62.89683151245117200000
-56.95636749267578100000
-50.68220138549804700000
-47.47846603393554700000
-47.94559860229492200000
-51.07493209838867200000
-53.96023178100585900000
-53.45753479003906300000
-49.88550186157226600000
-45.09343338012695300000
-37.54593276977539100000
-27.25723266601562500000
-17.02296638488769500000
-9.41793346405029300000
-4.41013336181640620000
-1.90246665477752690000
-0.74116665124893188000
-0.15053333342075348000
-0.03023333288729190800
0.00000000000000000000
-0.00706666661426424980
-0.18796665966510773000
-0.82613331079483032000
-4.27403354644775390000
-13.27823352813720700000
-22.88486671447753900000
-30.40209960937500000000
-32.71533203125000000000
-30.78543281555175800000
-26.99633407592773400000
-25.16043281555175800000
-25.42420005798339800000
-27.28750038146972700000
-29.23250007629394500000
-29.78120040893554700000
-28.48623275756835900000
-25.66959953308105500000
-22.76466751098632800000
-18.31270027160644500000
-13.07499980926513700000
-8.21816635131835940000
-4.45003318786621090000
-1.96329998970031740000
-0.79926669597625732000
-0.27963334321975708000
-0.03233333304524421700
-0.00400000018998980520
0.00000000000000000000
0.00000000000000000000
-0.07043333351612091100
-0.32416665554046631000
-1.72580003738403320000
-5.98543310165405270000
-10.77553367614746100000
-14.06733322143554700000
-14.37133312225341800000
-11.92226696014404300000
-9.20100021362304690000
-7.97976684570312500000
-8.58943367004394530000
-10.20536708831787100000
-11.44316673278808600000
-11.65656661987304700000
-11.23110008239746100000
-10.31330013275146500000
-9.15810012817382810000
-7.28009986877441410000
-5.42776679992675780000
-3.40596675872802730000
-1.67026662826538090000
-0.62073332071304321000
-0.20363333821296692000
-0.06253333389759063700
-0.00103333336301147940
0.00000000000000000000
0.00000000000000000000
0.00000000000000000000
-0.01726666651666164400
-0.05553333461284637500
-0.41549998521804810000
-1.68733334541320800000
-3.71116662025451660000
-5.16606664657592770000
-5.21323347091674800000
-3.79593324661254880000
-2.30019998550415040000
-1.20906662940979000000
-0.88650000095367432000
-1.16939997673034670000
-1.64059996604919430000
-2.15913343429565430000
-2.57419991493225100000
-2.83333325386047360000
-2.59710001945495610000
-2.13700008392333980000
-1.49833333492279050000
-0.88763332366943359000
-0.37823334336280823000
-0.11593333631753922000
-0.04436666518449783300
-0.00713333347812294960
-0.00196666666306555270
0.00000000000000000000
0.00000000000000000000
0.00000000000000000000
0.00000000000000000000
-0.00559999980032444000
-0.05930000171065330500
-0.28326666355133057000
-0.74540001153945923000
-1.02620005607604980000
-0.96316665410995483000
-0.70366668701171875000
-0.44366666674613953000
-0.24899999797344208000
-0.15956667065620422000
-0.16596665978431702000
-0.18490000069141388000
-0.29643332958221436000
-0.38299998641014099000
-0.42006665468215942000
-0.30786666274070740000
-0.29339998960494995000
-0.22336666285991669000
-0.11810000240802765000
-0.03566666692495346100
-0.01923333294689655300
-0.00386666669510304930
-0.00346666667610406880
0.00000000000000000000
0.00000000000000000000
0.00000000000000000000
0.00000000000000000000
0.00000000000000000000
0.00000000000000000000
-0.00406666658818721770
-0.00939999986439943310
-0.06060000136494636500
-0.06376666575670242300
-0.05436666682362556500
-0.05643333494663238500
-0.03746666759252548200
-0.01633333414793014500
-0.02033333294093608900
-0.02173333242535591100
-0.00443333340808749200
-0.02166666649281978600
-0.02459999918937683100
-0.01776666752994060500
-0.02436666749417781800
-0.01366666704416275000
-0.00336666661314666270
-0.00130000000353902580
-0.00240000011399388310
0.00000000000000000000
0.00000000000000000000
0.00000000000000000000
0.00000000000000000000
0.00000000000000000000
