-0.00020075363863725215
-0.00009978862362913787
-0.00030472932849079370
-0.00022386423370335251
-0.00005795580727863126
-0.00026799610350281000
-0.00039663238567300141
0.00008164816244971007
-0.00011065784929087386
-0.00006904492329340428
-0.00044258707202970982
0.00005884108759346418
-0.00015659160271752626
0.00007555459887953475
-0.00004846476076636463
-0.00015705131227150559
-0.00025459210155531764
-0.00000440717940364266
-0.00030304698157124221
-0.00018761769752018154
-0.00022375519620254636
0.00003865978942485526
-0.00003691544043249451
0.00007352110696956515
-0.00030923925805836916
-0.00006642691732849926
-0.00037249817978590727
-0.00010956107144011185
0.00001126844836107921
-0.00044407718814909458
-0.00018886534962803125
-0.00022165759583003819
0.00006323809066088870
-0.00032317021396011114
-0.00046924650087021291
-0.00041300620068795979
-0.00010402496263850480
-0.00013546575792133808
-0.00024590981774963439
-0.00019677540694829077
-0.00005953937579761259
-0.00022242608247324824
-0.00014065776485949755
-0.00012635898019652814
-0.00040571033605374396
-0.00021708312851842493
-0.00040330502088181674
-0.00027723735547624528
-0.00039071752689778805
-0.00014415978512261063
