0.00000000000000000000
26.10110664367675800000
1.05908846855163570000
5.56217956542968750000
1.75573098659515380000
24.38867759704589800000
10.73931217193603500000
28.45960044860839800000
0.23478074371814728000
5.31674194335937500000
9.94700050354003910000
0.00000000000000000000
10.05534076690673800000
0.00000000000000000000
0.00000000000000000000
7.03299522399902340000
0.00000000000000000000
11.56101608276367200000
0.00000000000000000000
0.00000000000000000000
11.99374771118164100000
0.00000000000000000000
1.11483216285705570000
3.03774380683898930000
17.25400352478027300000
6.22640085220336910000
0.00000000000000000000
10.84331321716308600000
0.00000000000000000000
0.00000000000000000000
0.00000000000000000000
0.00000000000000000000
8.80007362365722660000
0.00000000000000000000
0.89692604541778564000
23.66046142578125000000
1.66002464294433590000
11.80300807952880900000
0.00000000000000000000
8.61841106414794920000
0.00000000000000000000
0.00000000000000000000
0.00000000000000000000
0.00000000000000000000
0.00000000000000000000
0.00000000000000000000
11.86432552337646500000
20.49080276489257800000
0.00000000000000000000
0.00000000000000000000
0.00000000000000000000
20.00020599365234400000
0.00000000000000000000
3.93951678276062010000
0.00000000000000000000
0.00000000000000000000
0.00000000000000000000
0.00000000000000000000
7.97302484512329100000
5.44363927841186520000
7.41050195693969730000
0.00000000000000000000
29.46807098388671900000
22.28155326843261700000
0.00000000000000000000
16.34317779541015600000
18.28119659423828100000
0.00000000000000000000
44.52734756469726600000
7.97623538970947270000
0.00000000000000000000
0.00000000000000000000
0.74490469694137573000
26.99750709533691400000
0.15320795774459839000
2.35401773452758790000
0.00000000000000000000
21.12281227111816400000
7.93577194213867190000
17.54729843139648400000
0.00000000000000000000
6.43696641921997070000
2.10579133033752440000
6.09914541244506840000
4.66707849502563480000
0.00000000000000000000
0.00000000000000000000
7.73033666610717770000
0.00000000000000000000
0.83615076541900635000
0.00000000000000000000
18.32753372192382800000
0.00000000000000000000
0.00000000000000000000
23.66821098327636700000
0.00000000000000000000
0.00000000000000000000
0.00000000000000000000
16.08355522155761700000
0.00000000000000000000
0.00000000000000000000
29.77440071105957000000
17.91823196411132800000
21.21924400329589800000
0.00000000000000000000
0.00000000000000000000
21.82244682312011700000
0.00000000000000000000
0.00000000000000000000
0.00000000000000000000
0.00000000000000000000
0.00000000000000000000
0.00000000000000000000
41.31752014160156300000
1.26275706291198730000
10.98176956176757800000
0.00000000000000000000
0.00000000000000000000
0.00000000000000000000
0.00000000000000000000
12.25050163269043000000
33.99336624145507800000
6.62946748733520510000
30.21657371520996100000
0.00000000000000000000
0.00000000000000000000
8.23422813415527340000
31.99661827087402300000
0.00000000000000000000
14.65543079376220700000
0.00000000000000000000
16.85444068908691400000
18.88611221313476600000
0.00000000000000000000
0.00000000000000000000
0.00000000000000000000
0.64900988340377808000
0.00000000000000000000
15.55672073364257800000
0.00000000000000000000
2.79398131370544430000
0.64661788940429688000
15.46869277954101600000
12.46777439117431600000
0.00000000000000000000
0.00000000000000000000
12.68766117095947300000
5.56687545776367190000
0.00000000000000000000
0.00000000000000000000
16.67341613769531300000
11.84654045104980500000
16.95231628417968800000
13.99515438079834000000
5.42023324966430660000
7.68427896499633790000
11.19262695312500000000
0.67791086435317993000
17.48266792297363300000
0.00000000000000000000
0.00000000000000000000
17.58565139770507800000
0.00000000000000000000
11.63811969757080100000
0.00000000000000000000
8.56268215179443360000
0.00000000000000000000
0.63161307573318481000
0.00000000000000000000
0.00000000000000000000
0.00000000000000000000
0.00000000000000000000
0.00000000000000000000
0.00000000000000000000
9.59903144836425780000
11.10094261169433600000
0.00000000000000000000
16.70116996765136700000
0.00000000000000000000
4.84608888626098630000
0.00000000000000000000
26.61179542541503900000
20.77441978454589800000
0.00000000000000000000
16.75162124633789100000
15.97219562530517600000
0.00000000000000000000
8.23971939086914060000
10.53632736206054700000
17.93563842773437500000
2.06382179260253910000
0.00000000000000000000
18.75198936462402300000
0.00000000000000000000
19.08117294311523400000
0.00000000000000000000
6.72485303878784180000
0.00000000000000000000
0.00000000000000000000
0.00000000000000000000
0.00000000000000000000
0.00000000000000000000
9.56698513031005860000
0.00000000000000000000
4.78062629699707030000
11.29885673522949200000
13.68438148498535200000
4.89539718627929690000
0.00000000000000000000
9.26217079162597660000
12.71075916290283200000
12.34712600708007800000
23.77878189086914100000
0.00000000000000000000
0.00000000000000000000
0.00000000000000000000
18.95909500122070300000
0.63623058795928955000
0.00000000000000000000
0.00000000000000000000
11.10917282104492200000
0.00000000000000000000
2.65931034088134770000
1.82212448120117190000
4.09127092361450200000
0.00000000000000000000
0.93726211786270142000
28.76548194885253900000
1.12473905086517330000
18.83022880554199200000
0.00000000000000000000
5.06632423400878910000
0.00000000000000000000
15.48961162567138700000
0.00000000000000000000
0.00000000000000000000
6.62111330032348630000
0.00000000000000000000
24.48431777954101600000
0.97592824697494507000
25.12171363830566400000
0.00000000000000000000
0.00000000000000000000
0.93251281976699829000
0.00000000000000000000
0.00000000000000000000
30.76137542724609400000
0.00000000000000000000
0.00000000000000000000
28.34865379333496100000
12.75900650024414100000
0.00000000000000000000
0.00000000000000000000
0.00000000000000000000
0.00000000000000000000
3.65557575225830080000
8.29841423034667970000
19.38770294189453100000
0.00000000000000000000
26.33280944824218700000
0.00000000000000000000
0.00000000000000000000
26.13011550903320300000
0.00000000000000000000
0.00000000000000000000
5.65890741348266600000
8.94790744781494140000
0.00000000000000000000
0.00000000000000000000
17.99441909790039100000
11.72732162475585900000
1.49422621726989750000
16.89539718627929700000
3.16608357429504390000
0.00000000000000000000
0.56277686357498169000
0.61728012561798096000
0.00000000000000000000
5.60669183731079100000
0.32556554675102234000
0.00000000000000000000
0.00000000000000000000
0.00000000000000000000
0.00000000000000000000
6.96846389770507810000
0.00000000000000000000
1.58749818801879880000
0.00000000000000000000
0.00000000000000000000
0.00000000000000000000
12.35727024078369100000
12.14055442810058600000
5.32596349716186520000
6.61091136932373050000
8.24026203155517580000
0.00000000000000000000
0.00000000000000000000
0.00000000000000000000
0.00000000000000000000
0.00000000000000000000
5.86046314239501950000
0.00000000000000000000
0.00000000000000000000
15.17173290252685500000
14.09006881713867200000
0.00000000000000000000
0.00000000000000000000
9.18422317504882810000
0.00000000000000000000
0.00000000000000000000
5.36720418930053710000
11.71480941772460900000
0.00000000000000000000
6.10342025756835940000
0.00000000000000000000
17.68408966064453100000
11.08174133300781300000
12.08317852020263700000
4.25366306304931640000
0.00000000000000000000
0.00000000000000000000
15.33480548858642600000
19.47455978393554700000
0.81677556037902832000
24.32164192199707000000
0.00000000000000000000
19.41509628295898400000
0.00000000000000000000
15.38148307800293000000
0.00000000000000000000
2.37970805168151860000
0.77909123897552490000
0.00000000000000000000
0.00000000000000000000
24.38473892211914100000
0.00000000000000000000
0.00000000000000000000
24.91259193420410200000
35.49580764770507800000
6.23405694961547850000
0.00000000000000000000
0.00000000000000000000
0.00000000000000000000
0.00000000000000000000
3.15100693702697750000
8.92055225372314450000
6.28998517990112300000
14.37813663482666000000
0.00000000000000000000
0.00000000000000000000
8.50514698028564450000
0.62306511402130127000
0.80009657144546509000
23.09704399108886700000
7.39743995666503910000
9.69328498840332030000
23.58144950866699200000
3.73186802864074710000
22.40539932250976600000
6.25827217102050780000
0.00000000000000000000
0.00000000000000000000
0.00000000000000000000
18.94395828247070300000
0.00000000000000000000
0.00000000000000000000
6.82012510299682620000
21.97778129577636700000
0.00000000000000000000
0.00000000000000000000
21.47875976562500000000
5.07221603393554690000
0.13169570267200470000
0.00000000000000000000
7.07600831985473630000
16.24331855773925800000
0.00000000000000000000
0.00000000000000000000
2.62973141670227050000
20.30848503112793000000
0.00000000000000000000
3.61012959480285640000
0.00000000000000000000
0.00000000000000000000
0.00000000000000000000
0.00000000000000000000
0.00000000000000000000
30.90982055664062500000
13.27190780639648400000
0.00000000000000000000
0.00000000000000000000
9.43302536010742190000
28.32985877990722700000
0.00000000000000000000
3.82269406318664550000
15.31941795349121100000
0.00000000000000000000
0.00000000000000000000
0.00000000000000000000
0.00000000000000000000
0.00000000000000000000
0.00000000000000000000
11.65368747711181600000
0.00000000000000000000
0.00000000000000000000
0.00000000000000000000
0.00000000000000000000
3.45169568061828610000
22.68182754516601600000
19.47165298461914100000
0.00000000000000000000
5.89011478424072270000
4.30570459365844730000
13.03968143463134800000
0.00000000000000000000
9.70580005645751950000
1.21960842609405520000
0.00000000000000000000
0.00000000000000000000
29.59654045104980500000
41.98125839233398400000
4.19959878921508790000
10.94512271881103500000
5.69526147842407230000
21.68505287170410200000
26.07072639465332000000
0.00000000000000000000
0.00000000000000000000
1.66333401203155520000
0.00000000000000000000
2.51050162315368650000
0.00000000000000000000
9.56549835205078120000
11.77260780334472700000
0.00000000000000000000
0.00000000000000000000
0.00000000000000000000
5.53829002380371090000
0.00000000000000000000
0.00000000000000000000
7.72387266159057620000
3.01253342628479000000
3.19157981872558590000
0.00000000000000000000
5.21661615371704100000
1.30996716022491460000
0.00000000000000000000
12.34972953796386700000
0.00000000000000000000
7.20894241333007810000
7.26293992996215820000
13.28326416015625000000
3.98565459251403810000
0.00000000000000000000
0.00000000000000000000
0.50890302658081055000
0.20184224843978882000
0.00000000000000000000
7.64121723175048830000
0.00000000000000000000
26.38003921508789100000
0.00000000000000000000
4.55308341979980470000
0.00000000000000000000
9.67442417144775390000
0.00000000000000000000
5.00029850006103520000
0.00000000000000000000
0.00000000000000000000
0.00000000000000000000
0.00000000000000000000
5.54128885269165040000
2.67556428909301760000
0.00000000000000000000
0.00000000000000000000
0.00000000000000000000
7.24346446990966800000
10.86285209655761700000
2.80848646163940430000
10.98953819274902300000
0.00000000000000000000
10.75326347351074200000
0.45789402723312378000
0.00000000000000000000
0.00000000000000000000
3.57554101943969730000
0.00000000000000000000
0.00000000000000000000
20.94224739074707000000
0.00000000000000000000
21.86548233032226600000
0.00000000000000000000
7.21121931076049800000
19.83464813232421900000
0.00000000000000000000
22.15865135192871100000
0.00000000000000000000
0.00000000000000000000
0.00000000000000000000
14.01357269287109400000
