-7.36287403106689450000
26.10110664367675800000
1.05908846855163570000
5.56217956542968750000
1.75573098659515380000
24.38867759704589800000
10.73931217193603500000
28.45960044860839800000
0.23478074371814728000
5.31674194335937500000
9.94700050354003910000
-6.22512340545654300000
10.05534076690673800000
-40.07459259033203100000
-12.15241241455078100000
7.03299522399902340000
-1.50628685951232910000
11.56101608276367200000
-5.83367776870727540000
-16.31693267822265600000
11.99374771118164100000
-1.19914543628692630000
1.11483216285705570000
3.03774380683898930000
17.25400352478027300000
6.22640085220336910000
-9.32707214355468750000
10.84331321716308600000
-18.79738044738769500000
-13.24563217163085900000
-11.77532291412353500000
-18.96108627319335900000
8.80007362365722660000
-33.47891998291015600000
0.89692604541778564000
23.66046142578125000000
1.66002464294433590000
11.80300807952880900000
-4.21066808700561520000
8.61841106414794920000
-6.88235092163085940000
-14.16206169128418000000
-5.09581375122070310000
-1.71362257003784180000
-15.94218826293945300000
-16.15037155151367200000
11.86432552337646500000
20.49080276489257800000
-6.61616277694702150000
-0.50073295831680298000
-12.53451156616210900000
20.00020599365234400000
-24.47332191467285200000
3.93951678276062010000
-15.40928173065185500000
-16.75784111022949200000
-21.90703773498535200000
-4.79763650894165040000
7.97302484512329100000
5.44363927841186520000
7.41050195693969730000
-6.00583076477050780000
29.46807098388671900000
22.28155326843261700000
-16.63285255432128900000
16.34317779541015600000
18.28119659423828100000
-10.12268543243408200000
44.52734756469726600000
7.97623538970947270000
-12.74823379516601600000
-3.92020678520202640000
0.74490469694137573000
26.99750709533691400000
0.15320795774459839000
2.35401773452758790000
-1.12191808223724370000
21.12281227111816400000
7.93577194213867190000
17.54729843139648400000
-22.40527725219726600000
6.43696641921997070000
2.10579133033752440000
6.09914541244506840000
4.66707849502563480000
-6.91911983489990230000
-11.79898548126220700000
7.73033666610717770000
-5.78531408309936520000
0.83615076541900635000
-7.93776035308837890000
18.32753372192382800000
-31.89361572265625000000
-20.43627738952636700000
23.66821098327636700000
-10.00972557067871100000
-28.82017326354980500000
-3.49944567680358890000
16.08355522155761700000
-10.46756744384765600000
-10.73046398162841800000
29.77440071105957000000
17.91823196411132800000
21.21924400329589800000
-11.34028434753418000000
-1.28370332717895510000
21.82244682312011700000
-1.74911737442016600000
-18.31293487548828100000
-19.21442413330078100000
-5.06350994110107420000
-8.45113945007324220000
-29.37709617614746100000
41.31752014160156300000
1.26275706291198730000
10.98176956176757800000
-2.48734450340271000000
-3.99293804168701170000
-7.85751676559448240000
-12.92999839782714800000
12.25050163269043000000
33.99336624145507800000
6.62946748733520510000
30.21657371520996100000
-0.96293067932128906000
-6.05296564102172850000
8.23422813415527340000
31.99661827087402300000
-20.93892288208007800000
14.65543079376220700000
-0.80804157257080078000
16.85444068908691400000
18.88611221313476600000
-12.68115901947021500000
-0.73225504159927368000
-8.55919075012207030000
0.64900988340377808000
-5.77836513519287110000
15.55672073364257800000
-27.69323921203613300000
2.79398131370544430000
0.64661788940429688000
15.46869277954101600000
12.46777439117431600000
-1.49119651317596440000
-12.94174289703369100000
12.68766117095947300000
5.56687545776367190000
-8.06397342681884770000
-2.92772030830383300000
16.67341613769531300000
11.84654045104980500000
16.95231628417968800000
13.99515438079834000000
5.42023324966430660000
7.68427896499633790000
11.19262695312500000000
0.67791086435317993000
17.48266792297363300000
-5.01538181304931640000
-28.58181953430175800000
17.58565139770507800000
-1.39360213279724120000
11.63811969757080100000
-19.34368324279785200000
8.56268215179443360000
-1.83619749546051030000
0.63161307573318481000
-9.80970478057861330000
-1.34931266307830810000
-8.38545417785644530000
-27.39227104187011700000
-10.41391181945800800000
-1.88419449329376220000
9.59903144836425780000
11.10094261169433600000
-2.66624283790588380000
16.70116996765136700000
-15.80926418304443400000
4.84608888626098630000
-40.84007263183593800000
26.61179542541503900000
20.77441978454589800000
-0.39848965406417847000
16.75162124633789100000
15.97219562530517600000
-19.08662605285644500000
8.23971939086914060000
10.53632736206054700000
17.93563842773437500000
2.06382179260253910000
-2.82370758056640620000
18.75198936462402300000
-3.46485710144042970000
19.08117294311523400000
-3.85497045516967770000
6.72485303878784180000
-11.28507232666015600000
-18.71810531616210900000
-2.22201156616210940000
-16.71131706237793000000
-1.72800731658935550000
9.56698513031005860000
-2.72480845451354980000
4.78062629699707030000
11.29885673522949200000
13.68438148498535200000
4.89539718627929690000
-15.02561664581298800000
9.26217079162597660000
12.71075916290283200000
12.34712600708007800000
23.77878189086914100000
-22.93201446533203100000
-8.89741325378417970000
-6.02088403701782230000
18.95909500122070300000
0.63623058795928955000
-15.32504940032959000000
-7.69528913497924800000
11.10917282104492200000
-2.68406248092651370000
2.65931034088134770000
1.82212448120117190000
4.09127092361450200000
-2.61372876167297360000
0.93726211786270142000
28.76548194885253900000
1.12473905086517330000
18.83022880554199200000
-12.95196723937988300000
5.06632423400878910000
-4.43211412429809570000
15.48961162567138700000
-3.87379240989685060000
-9.04655838012695310000
6.62111330032348630000
-10.50339603424072300000
24.48431777954101600000
0.97592824697494507000
25.12171363830566400000
-17.04894828796386700000
-22.83041381835937500000
0.93251281976699829000
-1.38912117481231690000
-16.04974555969238300000
30.76137542724609400000
-15.70624923706054700000
-19.92668342590332000000
28.34865379333496100000
12.75900650024414100000
-18.63574409484863300000
-20.54752922058105500000
-24.44467926025390600000
-2.42801189422607420000
3.65557575225830080000
8.29841423034667970000
19.38770294189453100000
-10.65868186950683600000
26.33280944824218700000
-8.50332260131835940000
-1.81787455081939700000
26.13011550903320300000
-11.37028598785400400000
-0.22333383560180664000
5.65890741348266600000
8.94790744781494140000
-1.39646494388580320000
-31.74406242370605500000
17.99441909790039100000
11.72732162475585900000
1.49422621726989750000
16.89539718627929700000
3.16608357429504390000
-3.72460579872131350000
0.56277686357498169000
0.61728012561798096000
-8.77751159667968750000
5.60669183731079100000
0.32556554675102234000
-2.89744353294372560000
-2.52152991294860840000
-2.69531893730163570000
-1.24030435085296630000
6.96846389770507810000
-16.06262969970703100000
1.58749818801879880000
-10.89475345611572300000
-14.66926479339599600000
-11.95727729797363300000
12.35727024078369100000
12.14055442810058600000
5.32596349716186520000
6.61091136932373050000
8.24026203155517580000
-2.17448616027832030000
-23.17724037170410200000
-2.72256207466125490000
-5.07769250869750980000
-13.12525081634521500000
5.86046314239501950000
-18.65227699279785200000
-11.91362571716308600000
15.17173290252685500000
14.09006881713867200000
-26.31864547729492200000
-16.74554252624511700000
9.18422317504882810000
-14.74179077148437500000
-5.65643215179443360000
5.36720418930053710000
11.71480941772460900000
-15.97391128540039100000
6.10342025756835940000
-5.62534952163696290000
17.68408966064453100000
11.08174133300781300000
12.08317852020263700000
4.25366306304931640000
-0.59517562389373779000
-11.72936916351318400000
15.33480548858642600000
19.47455978393554700000
0.81677556037902832000
24.32164192199707000000
-16.25619316101074200000
19.41509628295898400000
-7.95387411117553710000
15.38148307800293000000
-16.12312126159668000000
2.37970805168151860000
0.77909123897552490000
-0.47400540113449097000
-0.42748394608497620000
24.38473892211914100000
-9.26270389556884770000
-2.25576972961425780000
24.91259193420410200000
35.49580764770507800000
6.23405694961547850000
-3.44655060768127440000
-4.15526437759399410000
-0.96190923452377319000
-2.86507916450500490000
3.15100693702697750000
8.92055225372314450000
6.28998517990112300000
14.37813663482666000000
-8.93480396270751950000
-13.69796371459960900000
8.50514698028564450000
0.62306511402130127000
0.80009657144546509000
23.09704399108886700000
7.39743995666503910000
9.69328498840332030000
23.58144950866699200000
3.73186802864074710000
22.40539932250976600000
6.25827217102050780000
-3.47788786888122560000
-13.76499366760253900000
-8.48250484466552730000
18.94395828247070300000
-14.23063945770263700000
-0.91267317533493042000
6.82012510299682620000
21.97778129577636700000
-28.05512237548828100000
-7.47433614730834960000
21.47875976562500000000
5.07221603393554690000
0.13169570267200470000
-16.19134330749511700000
7.07600831985473630000
16.24331855773925800000
-8.62582969665527340000
-18.94734382629394500000
2.62973141670227050000
20.30848503112793000000
-21.58769035339355500000
3.61012959480285640000
-11.30109882354736300000
-8.98492527008056640000
-9.20978546142578130000
-30.25831413269043000000
-15.43815898895263700000
30.90982055664062500000
13.27190780639648400000
-6.79024219512939450000
-6.63140296936035160000
9.43302536010742190000
28.32985877990722700000
-11.39821529388427700000
3.82269406318664550000
15.31941795349121100000
-6.47368240356445310000
-7.98199224472045900000
-9.47475910186767580000
-13.69471931457519500000
-17.80722618103027300000
-18.85490036010742200000
11.65368747711181600000
-19.51168060302734400000
-30.47208595275878900000
-11.12699127197265600000
-14.21704864501953100000
3.45169568061828610000
22.68182754516601600000
19.47165298461914100000
-10.92287921905517600000
5.89011478424072270000
4.30570459365844730000
13.03968143463134800000
-5.23500728607177730000
9.70580005645751950000
1.21960842609405520000
-32.22311401367187500000
-11.20740509033203100000
29.59654045104980500000
41.98125839233398400000
4.19959878921508790000
10.94512271881103500000
5.69526147842407230000
21.68505287170410200000
26.07072639465332000000
-1.88645243644714360000
-6.31588411331176760000
1.66333401203155520000
-27.72565650939941400000
2.51050162315368650000
-1.37734293937683110000
9.56549835205078120000
11.77260780334472700000
-18.78097152709960900000
-11.83074855804443400000
-5.86923503875732420000
5.53829002380371090000
-11.66871452331543000000
-4.10076236724853520000
7.72387266159057620000
3.01253342628479000000
3.19157981872558590000
-4.90061140060424800000
5.21661615371704100000
1.30996716022491460000
-9.65175533294677730000
12.34972953796386700000
-1.35488438606262210000
7.20894241333007810000
7.26293992996215820000
13.28326416015625000000
3.98565459251403810000
-14.23165225982666000000
-4.21047401428222660000
0.50890302658081055000
0.20184224843978882000
-10.54435920715332000000
7.64121723175048830000
-7.36610603332519530000
26.38003921508789100000
-12.47186279296875000000
4.55308341979980470000
-16.52737426757812500000
9.67442417144775390000
-4.23035860061645510000
5.00029850006103520000
-4.39359092712402340000
-12.05401039123535200000
-3.33569526672363280000
-1.81726992130279540000
5.54128885269165040000
2.67556428909301760000
-23.67706489562988300000
-4.35441446304321290000
-28.84671974182128900000
7.24346446990966800000
10.86285209655761700000
2.80848646163940430000
10.98953819274902300000
-0.65875512361526489000
10.75326347351074200000
0.45789402723312378000
-15.33263969421386700000
-10.95281410217285200000
3.57554101943969730000
-4.85837984085083010000
-20.89642143249511700000
20.94224739074707000000
-22.79993629455566400000
21.86548233032226600000
-1.94684910774230960000
7.21121931076049800000
19.83464813232421900000
-0.90569478273391724000
22.15865135192871100000
-9.11135864257812500000
-2.70923042297363280000
-4.84377717971801760000
14.01357269287109400000
